1 270 19
1 168 10
1 11 20
1 19 20
1 5 19
1 43 11
1 355 10
1 329 5
1 424 11
1 214 18
1 479 6
1 289 18
2 300 12
2 76 15
2 391 8
2 447 12
2 407 19
2 496 22
2 105 11
2 369 16
2 483 24
2 116 21
2 479 6
2 395 23
2 351 14
2 478 6
3 121 21
3 484 16
3 251 16
3 414 18
3 106 17
3 387 17
3 452 21
3 147 9
3 456 17
3 331 9
3 432 22
3 95 16
3 411 11
3 488 15
3 133 14
3 427 23
3 123 21
3 325 7
3 258 14
3 21 16
3 200 9
3 159 19
3 486 17
4 274 5
4 314 5
4 243 8
4 326 20
4 5 8
4 185 18
4 269 20
4 405 14
4 76 8
4 377 14
5 181 21
5 287 10
5 95 24
5 184 22
5 401 5
5 463 17
5 252 8
5 365 8
5 391 23
5 142 14
5 30 10
5 264 11
5 166 19
5 267 11
5 259 18
5 361 18
5 131 10
5 498 15
5 266 8
5 58 10
5 163 20
6 142 22
6 433 13
6 487 18
6 189 20
6 239 16
6 229 24
6 238 13
6 53 6
6 36 5
6 283 7
6 138 8
6 468 17
6 317 22
6 171 18
6 246 21
6 215 20
6 130 19
6 392 9
7 40 18
7 195 24
7 354 17
7 394 21
7 462 15
7 139 9
7 140 20
7 240 17
7 39 24
7 498 10
7 141 14
7 432 5
7 369 23
7 238 9
7 281 22
7 286 10
7 425 8
7 411 7
7 401 7
7 71 19
8 111 7
8 185 9
8 277 22
8 54 23
8 339 19
8 443 8
8 112 14
9 186 8
9 288 22
9 92 23
9 273 19
9 63 7
9 380 19
9 111 18
9 97 7
9 426 8
9 297 22
9 351 20
9 470 18
9 81 7
9 164 9
9 306 14
9 125 11
9 214 8
9 204 14
9 191 11
9 96 8
9 175 9
9 443 16
9 463 6
10 124 17
10 288 21
10 218 17
10 395 17
10 70 12
10 58 21
10 271 7
10 98 21
10 408 22
10 173 14
10 412 18
10 442 21
10 437 15
10 439 11
10 222 6
11 43 23
11 304 13
11 119 21
11 447 24
11 178 22
11 169 17
11 318 5
11 425 18
11 258 14
11 273 9
11 338 5
11 449 16
11 25 17
11 193 13
11 67 19
11 23 5
11 31 19
11 133 21
11 483 22
12 165 19
12 136 14
12 172 6
12 409 18
12 208 23
12 102 23
12 42 16
12 149 5
12 228 5
12 377 16
12 182 18
12 286 12
12 236 5
12 130 22
12 37 18
12 352 9
12 342 19
12 497 24
12 363 24
12 278 15
12 45 12
12 292 22
13 499 17
13 45 18
13 180 17
13 254 5
13 25 23
13 260 21
13 336 19
14 288 17
14 76 16
14 180 17
14 138 23
14 343 17
14 463 6
15 39 17
15 276 20
15 364 9
15 485 11
15 31 11
15 153 12
15 105 19
15 430 20
15 53 10
15 8 9
15 6 15
15 461 5
15 463 11
15 287 15
15 106 15
15 51 20
15 496 18
15 67 15
15 406 7
15 110 5
16 431 23
16 221 17
16 212 15
16 344 9
16 132 12
16 149 7
16 406 17
16 412 22
16 483 6
16 203 9
16 397 13
16 74 9
16 133 12
16 433 23
16 348 20
17 227 18
17 418 13
17 129 8
17 495 20
17 195 14
17 37 15
17 63 6
17 360 9
17 295 18
17 270 17
17 114 8
18 490 24
18 53 7
18 349 5
18 5 21
18 309 21
18 41 24
18 175 8
18 392 12
18 129 17
18 422 24
18 252 8
19 289 9
19 364 6
19 441 12
19 125 20
19 251 10
20 340 8
20 170 24
20 453 22
20 49 7
20 74 5
20 225 10
20 454 5
21 196 12
21 183 5
21 79 9
21 93 23
21 354 8
21 71 6
21 185 20
21 390 20
21 47 14
21 126 24
21 211 15
21 330 21
21 278 20
21 351 12
22 281 22
22 142 12
22 442 21
22 122 9
22 220 16
22 415 14
22 23 18
22 469 24
22 96 7
22 456 5
22 402 6
22 114 9
22 321 23
22 91 17
22 462 10
22 310 12
22 444 12
22 249 18
22 365 11
22 437 18
23 217 21
23 458 15
23 287 23
23 241 5
23 65 6
23 388 20
23 481 6
24 270 10
24 28 24
24 97 14
24 453 8
24 372 12
24 306 12
24 196 17
24 268 7
24 458 8
24 241 16
24 99 7
24 223 6
24 449 8
24 364 24
24 14 24
24 441 12
24 430 23
25 425 10
25 68 11
25 317 13
25 158 8
25 84 14
25 355 10
25 386 24
25 124 22
25 227 17
25 13 16
25 341 18
25 319 16
25 309 9
25 235 24
25 86 9
26 58 22
26 110 16
26 498 15
26 268 7
26 381 13
26 142 17
26 500 13
26 281 21
26 230 21
26 215 18
26 71 20
26 369 9
27 125 20
27 291 6
27 59 23
27 248 5
27 156 23
27 299 9
27 346 17
27 420 7
27 485 12
27 268 16
27 66 11
27 312 18
27 303 21
27 233 14
27 80 5
28 159 6
28 325 10
28 331 10
28 317 8
28 216 20
28 469 24
29 289 19
29 284 8
29 46 22
29 27 16
29 66 20
29 88 6
29 313 20
29 462 15
29 253 15
29 355 22
29 341 16
29 63 11
29 203 10
29 420 13
29 188 24
29 461 21
29 195 7
29 310 17
29 473 10
29 74 24
29 288 10
29 390 18
30 110 24
30 59 19
30 319 18
30 38 14
30 247 14
30 274 20
30 413 7
30 34 22
30 262 8
30 114 12
30 294 7
30 49 16
30 26 8
30 258 16
30 492 11
30 48 16
30 240 7
30 437 12
30 390 9
30 43 16
31 146 13
31 209 6
31 106 10
31 266 8
31 268 15
32 53 24
32 340 18
32 409 10
32 187 20
32 419 17
32 361 20
32 295 24
32 326 5
32 17 21
32 302 17
32 10 16
32 433 19
32 34 14
32 234 8
32 217 23
32 371 5
33 156 20
33 50 9
33 297 14
33 146 20
33 70 6
33 279 12
34 467 11
34 44 19
34 291 22
34 242 18
34 117 10
34 365 18
34 227 17
34 344 18
34 165 22
35 390 22
35 51 19
35 31 21
35 316 24
35 407 12
35 36 18
35 249 12
35 132 21
35 327 12
36 34 10
36 256 10
36 77 22
36 416 12
36 131 15
36 429 10
36 302 14
36 446 15
36 37 24
36 143 8
36 25 12
36 422 11
36 148 23
36 240 20
36 488 5
36 187 6
36 432 21
36 203 24
36 133 18
36 129 5
37 244 10
37 233 21
37 468 5
37 293 22
37 452 9
37 230 9
37 360 5
37 492 24
37 278 9
37 56 17
37 345 24
37 85 11
37 370 11
37 212 13
37 68 17
37 465 22
37 133 7
37 333 24
37 351 22
37 358 6
37 394 16
37 186 9
37 269 20
38 169 7
38 383 24
38 58 24
38 215 18
38 456 8
38 407 16
38 128 6
38 3 15
38 493 21
38 401 8
38 429 15
38 168 21
38 207 7
38 108 11
38 365 5
38 226 24
38 177 19
38 386 21
38 134 6
38 102 14
38 200 13
38 457 20
39 350 11
39 323 24
39 279 14
39 478 16
39 430 14
39 392 7
39 5 20
39 153 10
39 495 15
39 166 13
39 436 24
39 91 8
39 449 12
39 30 15
39 59 20
40 366 14
40 248 17
40 118 7
40 261 10
40 124 8
40 221 6
41 344 21
41 288 23
41 213 15
41 200 20
41 137 21
41 70 11
41 293 14
41 408 23
41 456 20
41 461 10
41 63 22
41 446 19
41 339 18
41 464 7
41 155 17
41 64 15
41 78 8
41 477 11
41 228 11
42 253 8
42 62 13
42 285 11
42 332 24
42 45 16
42 439 11
42 374 24
42 68 5
43 477 17
43 74 14
43 116 8
43 126 17
43 127 7
43 383 10
43 427 14
43 163 13
43 2 5
43 210 9
43 323 14
43 388 12
43 432 17
43 385 7
44 495 5
44 116 11
44 172 15
44 18 23
44 243 5
44 167 20
44 231 6
44 392 10
44 466 18
44 160 17
44 425 9
44 433 14
45 299 12
45 324 8
45 439 11
45 497 10
45 295 18
45 342 8
45 203 5
45 280 22
45 311 7
45 157 22
45 158 20
45 95 23
45 412 22
45 186 12
45 143 18
45 248 21
45 178 14
45 8 17
45 182 9
45 471 7
45 286 11
45 303 14
45 341 17
45 333 14
46 404 18
46 316 22
46 498 8
46 469 7
46 96 22
47 188 19
47 461 20
47 385 16
47 268 11
47 109 6
47 258 16
47 303 23
47 95 18
47 97 10
47 360 18
47 330 7
47 31 7
47 418 23
47 399 24
47 235 9
47 243 14
48 133 17
48 366 19
48 84 13
48 409 9
48 333 18
48 382 21
48 111 5
49 397 10
49 399 21
49 479 14
49 169 5
49 476 13
49 30 15
49 53 13
49 411 17
49 84 7
49 408 15
49 36 18
49 181 18
50 126 8
50 417 17
50 318 8
50 95 7
50 191 9
50 438 16
50 407 6
50 216 13
50 55 11
50 156 21
51 89 23
51 261 13
51 378 7
51 54 8
51 285 19
51 83 13
51 274 5
51 182 24
51 282 5
51 267 16
51 386 22
51 272 10
51 492 14
51 480 18
51 265 21
51 174 8
51 369 22
51 347 11
51 28 9
51 311 20
51 138 12
52 259 13
52 489 13
52 10 10
52 116 22
52 134 5
52 409 11
52 177 13
52 40 14
52 428 16
52 187 17
52 414 14
52 3 16
52 298 24
52 171 15
52 94 15
52 289 15
52 398 22
52 2 6
52 276 9
52 232 8
52 364 11
52 423 14
52 179 5
52 150 16
53 169 9
53 152 22
53 182 20
53 389 19
53 411 23
53 172 15
53 154 13
53 305 15
53 32 16
53 399 15
53 195 16
53 222 22
53 307 17
53 381 17
53 431 6
53 83 9
54 143 16
54 68 11
54 179 16
54 262 6
54 222 12
55 186 9
55 374 14
55 19 8
55 158 21
55 308 14
55 440 19
55 211 24
55 152 14
55 372 6
55 388 7
55 249 11
55 89 20
56 216 12
56 340 12
56 334 17
56 33 6
56 356 5
56 313 19
56 281 9
56 189 7
56 160 7
56 343 13
56 101 5
56 328 17
56 156 15
56 154 18
56 336 16
56 490 21
56 267 12
57 368 16
57 392 5
57 462 5
57 94 6
57 240 20
57 467 15
57 379 7
57 142 23
57 482 15
57 455 22
57 22 5
57 108 10
58 406 15
58 210 8
58 385 12
58 484 20
58 346 24
58 470 22
58 478 18
58 48 17
58 376 9
58 456 21
58 70 10
58 481 18
58 188 15
58 296 15
58 412 20
58 23 7
58 22 5
58 8 11
58 458 9
58 171 22
59 237 7
59 2 23
59 180 10
59 411 22
59 417 22
59 309 15
59 118 6
59 225 16
60 198 7
60 498 18
60 298 23
60 56 18
60 437 9
60 317 14
60 436 19
60 473 20
60 416 21
60 272 6
60 146 17
60 333 6
61 282 10
61 162 6
61 173 10
61 148 16
61 210 14
61 213 23
61 135 11
61 191 17
61 167 7
61 305 23
62 27 9
62 304 16
62 7 19
62 78 18
62 353 12
62 70 16
62 98 14
62 454 24
62 269 14
62 88 18
62 357 21
62 348 8
62 263 11
62 190 23
62 484 17
62 155 21
62 331 24
62 463 15
62 429 19
62 57 15
62 265 7
62 1 15
63 469 19
63 306 8
63 368 6
63 106 15
63 26 14
63 259 14
63 329 10
63 278 20
64 215 23
64 312 6
64 343 11
64 20 8
64 29 21
64 63 10
64 28 8
64 338 11
64 250 16
64 186 24
64 467 13
65 105 6
65 189 6
65 322 12
65 120 14
65 95 18
65 91 17
65 481 11
65 468 20
65 459 7
66 404 15
66 314 13
66 27 8
66 257 8
66 237 7
66 57 15
66 381 9
67 75 17
67 145 16
67 303 11
67 34 6
67 476 18
67 156 16
67 468 17
67 66 10
68 454 18
68 130 19
68 370 8
68 471 8
68 431 23
68 215 23
68 126 13
69 400 22
69 126 14
69 161 20
69 236 16
69 106 20
69 134 6
69 330 7
69 181 15
69 467 11
69 146 13
69 256 5
70 312 6
70 129 18
70 458 17
70 63 23
70 184 5
70 324 24
71 41 15
71 237 19
71 30 13
71 356 16
71 202 11
71 162 22
71 451 6
71 1 18
71 399 19
71 311 21
71 378 24
71 381 9
71 346 6
71 149 6
71 69 5
71 241 23
71 400 17
71 113 20
71 455 11
72 342 5
72 111 8
72 242 5
72 395 5
72 46 5
72 12 15
73 426 18
73 56 5
73 437 22
73 400 14
73 252 20
73 95 17
73 476 7
73 103 22
73 17 20
73 392 18
73 414 16
73 270 23
73 19 21
73 363 9
73 148 15
73 314 10
73 412 9
73 35 21
74 327 11
74 83 11
74 269 7
74 286 20
74 283 20
74 375 21
74 70 22
74 101 5
74 487 13
74 394 12
74 342 23
74 490 15
74 462 11
74 478 20
74 400 17
74 54 9
74 185 8
74 434 13
75 132 21
75 12 19
75 320 19
75 310 24
75 111 14
75 59 18
75 85 7
75 17 17
75 176 22
75 411 16
75 216 9
75 308 14
75 304 12
75 391 16
75 133 6
75 262 17
75 24 15
75 237 21
75 315 19
75 488 17
76 482 11
76 331 10
76 181 5
76 182 12
76 308 19
76 122 23
76 8 10
76 469 14
76 102 7
76 328 12
76 376 10
76 368 13
77 402 7
77 229 11
77 163 7
77 85 8
77 49 5
77 187 5
77 56 13
77 449 21
77 419 10
77 301 22
77 265 8
77 132 13
77 346 9
77 6 12
77 318 5
77 16 11
78 95 17
78 486 20
78 109 18
78 142 10
78 243 22
78 54 18
78 39 20
78 400 11
78 217 14
78 268 10
78 215 13
78 136 14
78 413 21
78 16 21
78 189 24
79 284 17
79 219 11
79 163 8
79 341 11
79 273 13
79 364 10
79 37 14
79 20 7
79 5 10
79 404 10
79 419 16
79 286 19
79 395 16
79 396 17
79 164 9
79 414 6
79 118 15
79 434 9
79 319 7
79 262 8
79 53 10
79 45 19
79 156 6
80 129 16
80 411 19
80 309 24
80 420 19
80 419 12
80 244 9
80 408 21
80 376 5
80 20 23
80 193 11
80 347 15
80 447 22
80 14 18
81 321 18
81 448 21
81 178 17
81 149 24
81 423 16
81 378 5
81 335 13
81 55 6
81 354 10
81 419 9
81 479 9
81 43 19
81 221 17
81 496 7
81 223 17
81 135 15
81 9 20
81 322 15
81 184 24
81 277 16
81 337 15
81 295 7
81 285 23
81 18 17
82 265 23
82 173 10
82 217 21
82 428 16
82 395 19
82 488 8
82 245 10
83 156 11
83 306 23
83 278 11
83 364 16
83 408 11
83 103 5
83 197 19
83 429 22
84 203 9
84 11 21
84 288 11
84 460 17
84 374 15
84 53 22
84 486 9
84 27 18
84 5 20
84 86 16
85 258 19
85 133 22
85 328 15
85 208 23
85 342 5
85 53 18
85 285 20
85 61 18
85 279 20
85 319 8
85 311 19
85 435 12
85 201 15
85 212 20
85 120 11
85 283 21
85 238 18
86 113 16
86 3 13
86 153 8
86 241 16
86 48 7
86 220 24
87 410 12
87 207 22
87 6 22
87 182 11
87 294 5
87 89 18
87 338 7
87 98 5
87 126 20
87 181 17
87 453 6
87 180 8
87 22 6
87 413 24
87 442 22
88 327 15
88 363 7
88 437 5
88 469 7
88 260 20
88 169 17
88 330 21
88 257 5
88 20 24
88 478 6
88 188 9
88 271 21
88 420 9
88 197 14
88 381 23
88 147 21
88 111 20
88 182 21
88 167 8
88 372 15
88 465 18
88 206 5
88 468 18
88 490 9
89 241 8
89 295 20
89 189 7
89 61 24
89 389 18
89 182 9
89 334 6
89 433 13
89 303 17
89 353 22
89 327 13
89 325 23
89 130 8
89 124 15
89 421 18
89 284 10
89 21 9
89 362 7
90 57 12
90 254 18
90 492 18
90 427 15
90 132 6
90 51 18
90 155 9
90 349 14
91 233 23
91 498 16
91 186 13
91 38 8
91 413 14
91 79 14
91 366 7
91 476 11
91 132 9
91 427 8
91 377 23
91 410 8
91 300 7
91 123 16
91 159 23
91 232 23
91 239 7
92 51 5
92 273 9
92 361 21
92 417 18
92 496 19
92 111 9
92 423 9
92 321 14
92 135 13
92 271 19
92 445 11
92 402 13
92 210 10
92 146 24
92 5 9
92 460 5
92 120 7
92 233 20
92 74 12
92 269 6
92 403 14
92 334 13
93 463 5
93 361 20
93 313 13
93 417 23
93 85 13
93 494 23
93 21 8
93 451 16
93 263 7
93 66 8
93 139 19
93 90 15
93 5 16
93 482 7
93 434 5
93 308 7
93 261 21
93 353 17
93 115 5
93 129 22
94 134 22
94 305 24
94 314 6
94 82 11
94 420 16
94 241 19
94 418 8
94 161 18
94 97 5
94 26 16
94 296 17
94 188 13
94 460 21
94 71 7
94 191 20
94 448 23
94 306 20
94 271 20
94 473 10
94 72 23
94 140 19
94 298 9
94 9 18
95 442 11
95 336 22
95 382 5
95 109 12
95 11 15
95 457 14
95 151 21
95 367 16
96 145 16
96 466 17
96 189 8
96 274 12
96 378 13
96 200 21
97 452 15
97 294 21
97 236 18
97 409 19
97 432 14
97 77 12
97 92 6
98 336 18
98 234 8
98 292 6
98 389 10
98 21 13
98 489 9
98 254 12
98 342 19
98 295 16
98 60 15
98 361 14
98 331 9
98 360 20
98 353 19
98 202 20
98 112 19
99 360 8
99 443 17
99 80 16
99 439 20
99 485 24
99 417 11
100 462 17
100 133 8
100 465 24
100 200 18
100 317 11
100 291 15
100 497 8
100 183 13
100 77 16
100 10 21
100 416 13
100 222 23
100 420 5
100 369 18
100 204 15
101 391 15
101 154 8
101 152 5
101 85 16
101 455 19
101 22 13
101 304 18
101 210 20
101 227 20
101 479 22
101 53 14
101 354 12
101 130 21
101 75 16
101 148 16
101 143 18
101 398 22
101 182 12
101 499 20
102 269 15
102 484 18
102 356 14
102 51 9
102 396 20
102 417 17
102 370 21
102 99 15
102 383 10
102 374 10
102 466 23
102 21 12
102 265 22
102 178 12
102 211 24
102 149 17
102 116 19
102 338 6
102 148 18
102 70 15
102 114 11
103 427 11
103 323 24
103 307 13
103 450 6
103 146 19
103 255 19
103 147 9
103 133 5
103 179 5
103 230 17
103 372 16
103 351 11
103 138 16
103 261 13
103 13 11
103 224 9
103 316 12
103 438 16
103 68 6
103 274 8
103 420 21
103 112 12
104 489 21
104 239 5
104 341 8
104 166 12
104 268 20
104 185 5
104 13 19
104 70 22
104 122 6
104 176 15
104 396 20
104 424 18
104 282 21
104 43 21
104 418 17
104 24 11
104 451 24
104 280 11
104 230 8
104 245 21
104 254 6
104 419 14
105 437 23
105 258 23
105 367 8
105 4 24
105 332 8
105 94 8
105 492 18
105 97 17
105 76 21
105 343 15
105 73 14
105 96 5
105 248 9
105 134 20
105 497 18
106 162 9
106 85 24
106 81 22
106 11 6
106 182 23
106 434 9
106 38 19
106 174 10
106 308 16
106 421 22
106 442 6
106 263 10
107 226 6
107 419 15
107 482 6
107 247 17
107 154 12
107 479 12
107 100 5
107 69 13
107 431 17
108 289 20
108 132 13
108 298 5
108 97 24
108 327 19
108 314 8
108 180 15
108 63 19
108 446 7
108 329 8
108 73 5
108 159 14
109 286 19
109 221 15
109 372 22
109 151 11
109 43 21
109 332 24
109 362 16
109 289 22
109 367 16
109 60 24
109 375 23
109 205 9
109 490 21
109 111 6
109 77 5
109 213 12
109 61 9
109 482 10
109 135 22
109 71 22
109 19 11
109 85 17
109 26 19
109 467 8
110 205 17
110 400 7
110 72 9
110 260 23
110 103 24
110 258 22
110 182 21
110 346 16
110 34 13
110 82 18
110 322 10
110 19 23
110 206 14
110 64 15
110 88 6
110 81 6
110 405 16
110 265 22
110 229 24
111 213 22
111 10 7
111 33 10
111 396 8
111 81 7
111 173 6
111 309 22
111 295 5
111 220 23
111 165 18
111 485 16
111 340 13
111 499 12
111 456 10
111 182 19
111 385 22
112 27 14
112 50 10
112 148 16
112 205 9
112 415 7
112 22 15
112 327 22
112 484 14
112 270 12
112 153 18
112 467 8
112 161 12
112 36 17
112 479 21
112 493 24
113 287 13
113 46 19
113 96 13
113 228 13
113 420 23
113 78 14
113 337 21
113 104 11
113 317 14
113 419 22
113 485 20
113 447 7
113 455 6
113 351 20
113 449 16
113 434 15
113 475 17
113 37 7
113 268 20
113 461 8
113 190 10
113 470 19
113 468 15
113 256 20
114 283 21
114 246 17
114 31 11
114 96 13
114 320 19
115 168 24
115 394 12
115 232 6
115 199 24
115 411 18
115 346 6
115 34 9
115 335 19
115 337 22
115 490 22
115 469 15
115 74 15
115 147 18
115 367 17
116 370 8
116 151 10
116 152 20
116 341 10
116 241 13
116 348 23
116 479 11
116 165 20
116 286 19
116 179 17
116 402 14
116 250 15
116 50 7
116 35 6
117 305 22
117 412 6
117 468 17
117 124 13
117 356 16
117 58 14
117 177 17
117 18 24
117 151 8
117 142 10
117 487 21
117 285 13
117 238 8
117 78 17
117 168 9
117 178 23
117 199 12
117 225 18
117 237 11
118 248 8
118 308 24
118 150 21
118 28 23
118 362 14
119 492 11
119 48 10
119 434 14
119 283 15
119 193 20
119 20 16
119 116 12
119 281 18
119 345 19
120 38 23
120 385 8
120 180 7
120 342 18
120 326 11
120 60 9
120 296 13
120 210 8
120 439 11
120 114 13
120 411 15
121 318 22
121 84 18
121 482 18
121 333 5
121 448 20
121 370 17
121 490 13
122 169 18
122 81 18
122 438 6
122 75 6
122 130 5
123 72 15
123 344 8
123 414 8
123 297 5
123 159 23
123 138 5
123 273 5
123 490 14
123 444 22
123 25 23
123 455 11
123 424 22
123 351 17
123 162 24
123 458 7
123 153 17
124 183 13
124 209 22
124 377 15
124 398 20
124 13 17
124 2 24
124 34 12
124 371 8
124 499 21
124 210 16
124 156 24
124 69 11
124 152 22
124 188 18
124 402 22
124 454 21
124 146 10
124 391 20
124 57 7
124 332 5
124 403 23
124 211 15
124 216 9
125 72 13
125 118 13
125 2 13
125 86 14
125 442 19
125 124 7
125 358 14
125 351 14
125 317 10
125 353 10
125 8 5
125 173 13
125 455 18
126 406 21
126 396 15
126 158 8
126 230 16
126 110 17
126 53 14
126 96 7
126 331 18
126 197 9
126 19 19
126 422 24
126 112 14
126 129 20
126 377 16
126 160 5
126 432 9
126 103 5
126 9 7
126 362 17
126 415 19
126 198 9
126 248 16
126 74 15
126 486 18
127 262 12
127 62 13
127 371 17
127 402 12
127 26 15
127 300 12
127 240 19
127 242 12
127 123 15
127 364 11
127 355 7
127 481 9
127 184 16
127 115 20
127 151 22
127 401 18
127 198 21
127 270 22
127 194 23
127 428 24
127 215 19
127 174 15
127 477 9
127 461 15
128 37 17
128 262 20
128 260 17
128 374 6
128 199 5
128 136 5
128 179 8
128 183 6
128 62 19
128 88 6
128 306 22
128 20 10
128 206 20
128 27 10
128 444 22
128 299 6
128 49 24
128 344 7
128 499 10
128 255 6
129 372 21
129 315 12
129 409 17
129 291 17
129 461 8
129 301 17
129 62 8
129 438 19
129 471 19
129 191 18
129 422 18
129 256 10
130 69 18
130 424 18
130 172 21
130 164 10
130 218 19
130 60 14
130 61 24
130 256 20
130 327 14
130 137 11
130 48 16
130 143 13
131 298 18
131 166 17
131 271 22
131 196 11
131 443 13
131 438 24
131 41 13
131 282 20
131 243 7
131 206 18
131 221 8
132 304 24
132 437 5
132 278 9
132 244 6
132 248 13
132 53 5
132 190 21
132 382 12
132 324 20
132 223 9
132 251 8
133 1 21
133 278 17
133 50 9
133 290 22
133 183 19
133 11 15
133 22 16
133 427 23
133 385 13
133 26 23
133 68 12
133 287 22
133 388 11
133 458 21
133 206 16
133 201 10
134 56 9
134 354 20
134 284 21
134 219 20
134 335 13
134 383 10
134 292 24
134 347 6
135 304 22
135 131 13
135 373 15
135 425 10
135 25 22
135 244 23
135 352 18
135 182 22
135 236 5
135 134 17
135 420 16
135 24 8
135 212 15
135 338 18
135 151 23
136 114 7
136 248 12
136 180 13
136 153 17
136 239 14
136 397 13
136 475 9
136 445 21
136 154 18
136 292 20
136 402 18
136 14 10
136 215 20
136 416 14
136 79 7
136 186 10
136 185 13
136 429 18
136 166 16
136 72 8
137 279 22
137 166 10
137 247 10
137 220 9
137 327 10
138 212 24
138 340 7
138 346 17
138 94 5
138 253 18
138 27 8
138 19 7
138 166 21
138 161 19
138 211 12
138 143 13
138 216 10
138 347 20
138 494 7
138 87 6
138 76 13
138 385 14
138 242 5
138 370 6
138 194 20
139 82 19
139 75 12
139 71 23
139 158 15
139 86 19
139 131 11
139 120 16
139 149 17
139 122 16
139 271 21
140 85 15
140 367 16
140 142 22
140 4 13
140 47 10
140 209 20
140 50 9
140 44 21
140 167 20
140 94 21
140 83 20
140 120 24
140 13 16
140 206 10
140 49 19
140 489 14
140 146 19
140 157 22
140 61 10
140 402 20
140 475 7
141 308 15
141 65 23
141 191 15
141 215 16
141 267 12
141 144 14
141 229 20
141 477 5
141 83 8
141 203 9
141 410 23
141 379 10
141 127 14
141 195 6
142 123 20
142 397 5
142 58 12
142 145 19
142 210 20
142 423 22
142 446 10
142 485 14
142 297 15
142 466 11
142 334 16
142 411 21
142 327 18
142 292 16
142 242 15
142 26 8
143 463 14
143 65 9
143 108 18
143 410 13
143 274 10
144 76 6
144 465 24
144 51 7
144 469 12
144 359 21
144 265 10
144 306 21
144 378 17
144 324 10
144 152 10
144 117 11
144 481 14
144 102 20
144 126 5
144 408 17
144 477 22
144 127 24
144 243 7
144 190 15
144 118 7
144 158 18
144 355 22
144 470 20
144 414 10
145 307 24
145 343 13
145 374 21
145 421 12
145 349 17
145 498 14
145 188 15
145 342 21
145 181 15
145 411 6
145 98 12
145 136 12
145 317 18
145 320 20
145 350 19
145 284 9
145 306 12
145 477 7
145 241 22
145 39 17
145 175 21
145 219 15
146 253 6
146 256 8
146 103 14
146 28 23
146 319 12
146 402 24
146 332 11
147 236 23
147 127 6
147 227 16
147 254 8
147 323 5
147 339 18
147 177 23
147 500 23
148 94 22
148 137 12
148 453 18
148 274 10
148 32 6
148 68 14
148 353 21
148 73 6
148 159 23
148 458 21
149 464 12
149 342 5
149 114 20
149 97 13
149 489 23
149 61 16
149 263 5
149 262 11
149 28 11
149 23 18
149 160 10
149 219 16
150 487 8
150 460 23
150 40 16
150 386 24
150 160 15
150 155 8
151 209 17
151 393 9
151 116 9
151 233 15
151 36 14
151 355 12
151 375 14
151 372 17
151 235 23
151 199 22
151 458 7
151 424 12
151 208 16
151 25 23
151 331 7
151 492 11
151 115 24
152 388 15
152 369 11
152 447 16
152 230 16
152 487 16
152 4 10
152 220 18
152 236 24
152 419 24
152 191 17
152 486 13
152 420 11
152 365 16
152 321 11
152 374 13
152 473 20
152 88 10
152 338 9
152 346 13
152 23 11
152 250 16
153 47 8
153 168 16
153 408 13
153 479 15
153 415 7
153 387 8
153 188 11
153 372 21
153 416 8
153 265 10
153 395 10
153 42 10
153 400 7
153 66 20
153 228 6
153 398 23
153 300 17
153 343 16
153 144 21
153 214 6
154 390 21
154 442 12
154 142 23
154 60 23
154 449 17
154 378 9
155 7 24
155 170 9
155 94 5
155 218 13
155 257 5
155 296 14
155 29 7
155 249 15
155 109 5
155 480 15
155 66 5
155 252 5
155 474 10
155 272 7
155 336 21
155 273 11
155 312 24
156 121 16
156 139 11
156 454 22
156 480 9
156 34 14
156 263 14
156 336 24
156 379 24
156 137 14
157 259 7
157 87 6
157 302 20
157 389 19
157 480 23
157 325 16
157 346 21
157 489 19
157 275 17
157 441 17
157 247 13
157 24 14
157 265 19
157 176 5
157 286 8
157 425 7
157 455 18
157 31 6
157 171 16
157 111 10
158 490 7
158 458 12
158 478 19
158 7 13
158 430 11
158 438 17
158 71 22
158 187 19
158 18 9
158 310 18
158 212 13
158 245 17
158 347 5
158 426 7
158 435 11
158 360 10
159 238 7
159 276 19
159 6 5
159 409 19
159 119 5
159 400 16
159 189 10
159 192 14
159 444 14
159 421 10
159 166 17
159 402 14
159 142 14
159 180 24
159 120 15
159 281 11
159 309 7
160 104 12
160 383 18
160 54 13
160 453 16
160 429 12
160 161 6
160 228 21
160 356 7
160 70 15
160 303 22
161 443 24
161 356 8
161 367 7
161 344 6
161 426 20
162 347 13
162 27 24
162 472 11
162 119 15
162 97 21
163 488 23
163 349 7
163 70 6
163 27 19
163 16 19
163 316 13
163 239 19
163 483 11
163 171 22
163 194 22
163 285 24
163 134 9
163 64 8
163 149 17
163 200 10
163 127 10
163 14 10
163 58 14
163 433 9
164 93 20
164 83 10
164 197 21
164 14 9
164 371 22
164 254 23
164 225 10
165 402 5
165 142 6
165 212 18
165 276 13
165 230 9
165 160 13
166 275 9
166 77 5
166 353 14
166 451 12
166 498 12
166 319 23
166 293 11
166 351 5
166 436 14
166 426 19
167 355 10
167 430 19
167 301 18
167 392 13
167 289 16
167 493 14
167 346 24
167 308 14
167 340 18
167 119 21
167 39 23
167 427 19
167 161 22
167 195 6
167 399 20
167 452 23
167 163 10
167 29 24
167 112 15
167 10 22
167 461 24
167 20 5
168 260 19
168 12 24
168 208 20
168 97 23
168 89 11
168 103 13
168 357 10
168 274 14
168 23 14
168 253 14
168 110 18
168 243 7
168 276 23
168 464 20
168 491 14
168 54 6
168 479 14
169 249 5
169 438 24
169 171 7
169 221 22
169 81 17
169 94 12
169 154 20
170 393 19
170 305 12
170 116 18
170 388 5
170 269 5
170 62 24
170 186 7
170 104 7
170 150 12
170 473 22
171 183 5
171 324 15
171 113 6
171 204 24
171 357 11
171 390 5
171 100 24
171 214 9
171 213 5
171 151 24
171 187 14
171 224 9
172 111 15
172 145 11
172 387 23
172 473 20
172 495 12
172 191 11
172 372 8
172 156 17
172 452 8
172 6 15
172 445 7
172 496 12
172 62 10
172 142 22
172 139 21
172 304 10
172 383 13
172 60 24
172 177 11
172 500 16
172 120 12
173 129 22
173 229 20
173 372 22
173 276 6
173 245 5
173 239 5
173 388 22
173 178 22
173 78 9
173 272 14
173 209 10
173 202 24
173 305 13
173 422 12
173 492 5
173 89 21
174 90 19
174 230 17
174 87 16
174 19 22
174 403 24
174 358 19
174 182 6
174 37 7
174 180 8
174 83 13
174 362 6
174 93 17
174 288 13
174 445 21
174 430 18
174 179 14
174 374 19
175 43 9
175 181 9
175 270 5
175 116 17
175 123 14
175 258 17
175 94 15
175 70 11
175 448 8
175 76 9
175 340 14
175 428 24
175 225 11
175 16 20
175 292 15
175 285 9
175 300 5
175 306 23
175 214 5
175 494 22
175 18 15
175 328 13
175 496 10
175 367 17
176 268 22
176 458 11
176 138 8
176 322 16
176 354 7
176 467 8
176 369 10
176 131 19
176 212 17
176 76 9
176 282 15
176 306 6
176 49 22
176 30 21
176 107 6
176 392 18
176 327 23
176 371 15
176 452 5
176 263 20
177 45 15
177 427 17
177 454 20
177 247 18
177 375 10
177 254 20
177 238 18
177 453 19
177 419 15
177 25 5
177 1 6
177 401 17
177 295 5
178 128 15
178 41 17
178 105 8
178 54 8
178 21 11
178 56 10
178 454 18
178 135 18
178 411 13
179 54 15
179 102 22
179 486 7
179 12 7
179 45 18
179 10 14
179 146 8
179 8 21
180 271 10
180 130 20
180 251 12
180 212 20
180 373 18
181 160 8
181 269 11
181 198 24
181 193 13
181 147 24
181 53 11
181 420 17
181 92 6
181 142 17
181 1 9
181 263 21
181 19 17
181 321 7
181 197 21
181 124 21
181 401 9
181 167 13
181 302 14
181 234 6
182 195 8
182 432 20
182 397 19
182 253 21
182 46 23
182 482 24
182 71 18
182 441 17
182 89 10
182 248 24
182 161 11
182 98 19
182 494 11
182 241 17
182 278 15
182 496 11
182 104 12
182 209 18
182 453 14
182 1 23
182 458 7
182 183 16
183 131 19
183 264 17
183 251 20
183 373 19
183 491 19
183 259 22
183 317 17
183 151 11
183 134 11
184 338 23
184 393 7
184 240 5
184 481 11
184 37 8
184 88 7
184 139 14
184 313 23
184 359 22
184 337 11
184 116 23
184 235 14
184 226 16
184 169 14
184 281 8
184 467 8
184 190 14
184 402 22
184 13 16
184 363 15
184 468 11
185 399 10
185 64 16
185 311 11
185 98 24
185 36 7
185 268 22
185 471 6
185 308 9
185 472 15
185 76 24
185 19 16
185 227 17
185 482 24
185 460 13
185 197 6
185 407 10
185 30 21
186 257 16
186 217 20
186 174 14
186 273 21
186 16 16
186 221 13
186 133 14
186 54 18
186 130 12
186 87 24
186 411 20
186 227 8
186 97 9
186 132 20
186 443 24
186 298 14
186 334 6
186 124 22
186 165 14
186 110 18
186 241 11
186 115 20
186 382 11
186 417 10
187 401 16
187 381 18
187 176 23
187 328 17
187 45 17
187 54 5
187 75 18
187 227 13
187 73 20
188 327 16
188 317 11
188 417 17
188 226 20
188 438 5
188 25 21
188 125 23
188 90 8
188 168 14
188 107 21
188 43 8
189 438 6
189 157 15
189 254 9
189 64 6
189 63 14
189 355 14
190 112 22
190 155 21
190 286 18
190 262 10
190 278 14
191 335 24
191 277 12
191 242 17
191 45 22
191 295 24
191 92 9
191 35 22
191 33 10
191 238 24
191 237 14
192 263 14
192 105 8
192 163 23
192 311 6
192 476 18
192 379 9
192 185 11
192 13 15
192 122 9
192 487 21
192 161 10
192 63 23
192 415 14
192 291 9
192 208 12
193 342 20
193 104 13
193 280 19
193 404 20
193 156 16
193 42 10
193 279 17
193 334 16
193 240 22
193 288 22
193 405 11
193 100 18
193 477 18
194 334 16
194 238 9
194 38 20
194 64 6
194 142 5
194 76 17
194 374 24
194 92 7
194 483 24
194 163 15
194 493 22
194 405 6
195 430 8
195 301 18
195 73 22
195 78 6
195 345 6
195 380 10
195 427 24
195 218 22
195 8 9
195 370 9
195 458 17
195 462 17
195 16 23
195 278 17
195 481 7
195 19 24
195 276 18
196 338 19
196 179 22
196 144 14
196 283 21
196 433 15
196 146 9
196 296 9
196 374 24
196 499 24
196 385 17
196 120 5
196 30 24
196 3 12
196 238 22
196 400 20
196 444 22
196 160 13
196 298 19
196 434 7
196 163 17
196 26 24
196 427 8
196 129 14
197 452 10
197 496 12
197 110 10
197 129 17
197 41 6
197 28 8
197 196 5
197 213 9
197 371 7
197 144 19
197 308 14
197 186 7
197 109 18
197 216 23
197 495 12
197 279 14
197 469 23
197 488 5
197 201 17
197 3 17
197 233 17
197 487 21
198 283 15
198 170 13
198 189 24
198 421 23
198 72 18
198 102 7
198 83 8
198 227 13
198 91 20
198 278 10
199 2 10
199 385 10
199 427 15
199 132 20
199 17 5
199 59 6
199 485 19
199 105 10
199 356 23
199 343 20
200 100 19
200 403 5
200 191 21
200 453 22
200 79 12
200 201 8
200 291 15
200 309 15
200 400 24
200 46 12
200 407 7
200 431 20
200 158 7
200 364 12
200 61 12
200 428 11
200 155 8
200 85 6
201 227 14
201 257 21
201 269 24
201 11 14
201 303 13
201 12 8
201 468 15
201 189 19
201 13 17
201 2 7
201 351 12
201 456 13
201 250 23
201 321 17
201 414 6
201 239 23
201 325 12
201 387 21
201 139 23
201 310 24
201 256 10
201 301 6
201 117 19
201 9 19
202 369 10
202 36 13
202 17 21
202 275 16
202 441 11
202 14 13
202 198 12
202 484 20
202 131 12
202 63 16
202 134 17
202 436 9
202 95 5
202 297 24
202 78 18
202 105 24
202 450 23
202 247 11
202 196 17
202 339 8
202 45 13
202 398 6
202 387 5
202 423 7
203 354 5
203 414 11
203 355 16
203 182 14
203 418 21
203 404 8
203 460 11
203 454 20
203 370 23
203 407 14
203 273 5
204 451 18
204 433 22
204 186 5
204 371 5
204 434 8
204 432 8
204 243 21
204 492 15
204 231 11
204 191 15
204 378 12
204 41 12
204 247 10
204 109 21
204 12 7
204 233 5
204 428 21
204 448 19
204 40 24
204 240 16
204 228 7
204 155 5
204 270 12
205 13 6
205 59 13
205 352 8
205 51 7
205 128 24
205 186 8
205 250 9
205 68 12
205 412 24
205 363 15
205 54 5
205 322 18
205 34 14
205 43 16
205 153 18
205 232 7
205 139 17
205 421 15
205 166 15
205 414 14
205 382 22
205 156 20
205 475 12
205 206 17
206 499 12
206 197 13
206 322 8
206 28 11
206 345 11
206 50 16
206 61 11
206 60 9
206 487 22
206 200 13
206 437 5
206 481 18
206 21 10
206 287 11
206 160 19
206 185 18
206 262 16
206 283 14
206 136 10
206 62 10
206 213 9
206 278 23
206 242 7
207 492 24
207 54 20
207 150 20
207 348 17
207 145 8
207 169 14
207 230 23
207 305 11
207 78 15
207 370 17
207 341 22
207 240 13
207 87 19
207 299 20
207 101 17
207 309 11
207 459 12
207 377 17
207 324 22
207 11 17
208 113 5
208 228 12
208 360 17
208 308 18
208 87 7
208 394 20
208 383 18
208 441 6
208 169 10
208 455 10
208 262 9
208 496 18
208 279 14
208 456 11
208 473 5
208 86 22
208 323 13
208 327 14
208 67 14
208 99 19
208 115 11
208 182 9
209 491 9
209 304 5
209 422 20
209 494 9
209 186 23
209 421 17
209 311 12
209 436 16
209 492 20
209 208 10
209 346 23
209 83 12
209 446 17
209 255 21
209 246 18
209 367 7
209 232 18
210 305 19
210 442 6
210 154 6
210 14 9
210 78 22
210 283 6
210 367 18
210 354 20
210 71 13
210 241 8
210 19 15
210 402 16
211 224 18
211 467 20
211 57 16
211 194 19
211 160 6
211 25 21
211 83 22
211 457 6
211 24 13
211 473 9
211 396 13
211 202 12
211 188 13
211 388 8
211 46 13
211 304 8
211 337 24
211 210 10
211 74 14
212 31 20
212 274 10
212 286 18
212 25 17
212 51 17
212 148 17
212 452 15
212 462 15
212 231 11
212 310 19
212 495 19
212 104 22
212 484 7
212 404 5
212 389 22
212 138 6
212 153 11
212 472 6
212 156 9
213 251 11
213 319 20
213 46 13
213 140 8
213 77 16
213 398 11
213 169 22
213 65 22
213 350 22
213 147 15
213 495 6
213 6 6
213 183 18
213 346 12
213 175 13
213 443 18
213 106 22
213 472 24
213 268 18
213 205 13
213 119 16
214 277 19
214 92 22
214 8 18
214 456 20
214 31 6
214 204 11
214 208 19
214 54 6
214 131 21
214 73 16
214 210 19
214 305 22
214 129 19
214 423 12
214 111 20
214 61 17
214 19 18
214 413 18
214 478 21
214 466 16
214 475 20
214 375 5
214 379 15
215 61 11
215 73 16
215 407 17
215 217 23
215 226 9
215 470 15
215 274 8
215 433 9
215 299 12
215 145 16
215 411 12
215 161 12
215 48 20
215 23 7
215 325 14
215 199 17
215 297 16
215 243 18
215 360 16
215 99 9
215 286 17
215 358 7
215 292 14
215 47 13
216 228 22
216 399 17
216 127 23
216 281 11
216 356 22
216 156 20
216 376 10
216 320 23
216 49 17
216 182 20
216 391 16
216 23 16
216 58 15
216 417 23
216 186 15
216 326 19
216 130 22
216 327 11
216 365 23
216 383 15
217 410 8
217 74 24
217 14 13
217 429 10
217 361 5
217 242 18
217 32 6
217 241 19
217 57 17
217 117 7
217 169 18
217 19 19
217 297 7
217 458 20
217 2 18
217 123 18
217 11 18
217 407 17
217 60 5
217 44 17
217 369 19
217 329 22
218 122 12
218 2 11
218 167 11
218 367 20
218 392 7
218 372 23
218 11 10
218 353 17
218 240 18
218 201 9
218 319 21
218 243 19
218 196 24
218 403 21
218 273 17
218 441 14
218 130 22
219 330 8
219 401 17
219 396 7
219 147 7
219 377 21
219 385 20
219 168 16
219 359 15
219 442 14
219 347 16
220 115 10
220 488 23
220 15 5
220 481 15
220 198 15
220 206 23
220 252 16
220 409 8
220 292 17
220 446 15
220 96 19
220 367 8
220 350 22
220 399 9
220 489 7
220 387 12
220 43 15
220 420 12
220 154 21
220 36 9
221 409 15
221 145 8
221 358 17
221 18 5
221 203 13
221 429 21
221 214 18
221 177 22
221 161 15
221 105 16
221 241 12
221 38 11
221 159 18
221 254 24
221 316 19
221 433 12
221 184 13
221 318 6
221 64 18
221 218 23
222 491 19
222 257 12
222 162 13
222 454 16
222 95 5
222 29 7
222 487 24
222 106 24
222 445 8
222 344 19
223 283 12
223 199 19
223 433 8
223 173 5
223 104 11
223 93 12
223 162 19
223 138 20
223 482 23
224 250 6
224 355 7
224 158 20
224 356 24
224 369 19
224 200 22
224 28 21
224 457 14
224 350 10
224 456 23
224 254 10
224 314 24
224 177 6
224 390 24
224 447 13
224 394 12
224 151 14
224 195 21
224 132 22
224 137 19
224 420 7
224 264 17
225 72 15
225 122 14
225 499 10
225 263 19
225 220 11
225 17 13
225 92 9
225 62 14
225 239 9
225 227 13
225 133 13
225 357 24
225 231 5
225 157 15
225 112 15
225 196 12
225 262 14
225 190 24
225 407 9
225 61 11
225 108 18
225 1 16
225 372 24
225 253 22
226 476 17
226 288 17
226 95 7
226 473 9
226 189 18
226 63 11
226 167 9
226 414 15
226 188 16
226 346 13
226 329 6
226 494 24
226 281 16
226 452 15
227 41 17
227 64 21
227 214 10
227 211 15
227 196 15
227 463 21
227 292 7
227 35 5
227 110 16
227 116 18
227 325 21
227 161 14
227 218 9
228 147 7
228 210 18
228 3 22
228 105 19
228 495 14
228 280 8
228 336 24
228 161 24
228 359 22
228 93 16
228 347 16
228 165 14
228 422 16
228 299 8
228 90 16
229 401 19
229 193 5
229 105 20
229 27 8
229 239 17
229 394 12
229 318 8
229 139 12
229 249 16
229 175 16
229 412 17
229 331 24
229 6 22
229 476 20
229 440 15
229 25 20
229 162 11
229 135 9
229 460 21
229 101 5
230 133 12
230 104 10
230 345 16
230 207 12
230 148 8
230 464 12
230 267 22
230 261 14
230 214 21
230 202 6
230 29 8
230 74 5
230 281 15
230 436 17
230 147 13
230 78 5
230 472 8
230 301 8
230 386 23
230 215 8
230 169 12
230 469 18
230 381 16
230 20 10
231 311 15
231 363 13
231 257 6
231 94 22
231 451 10
232 22 21
232 470 9
232 410 22
232 360 6
232 306 21
232 340 8
232 376 9
232 138 14
232 59 23
232 479 7
232 164 14
232 425 7
232 226 15
232 135 15
232 106 18
232 254 7
232 181 12
232 168 16
233 259 19
233 458 9
233 425 8
233 16 13
233 191 19
233 135 18
233 246 10
233 399 22
233 374 23
233 235 12
233 389 19
233 348 18
233 138 22
233 473 15
233 434 9
233 158 5
233 275 19
233 342 13
233 372 23
233 449 6
234 96 6
234 467 10
234 154 21
234 197 20
234 4 20
234 25 14
234 311 11
234 193 18
234 422 18
234 229 14
234 355 14
234 436 14
234 313 18
234 444 10
234 485 24
234 462 13
235 366 17
235 287 12
235 98 14
235 160 12
235 250 16
235 291 6
235 264 9
235 58 11
235 137 12
235 106 14
235 226 9
235 330 21
235 279 6
235 295 15
236 355 6
236 276 14
236 328 13
236 91 15
236 125 18
236 335 16
236 22 22
236 249 21
236 352 10
236 5 14
236 89 7
236 19 17
236 415 11
236 308 24
236 323 6
236 417 21
237 22 19
237 319 12
237 127 20
237 447 18
237 450 21
237 102 16
237 240 16
237 372 8
237 241 15
237 6 10
237 413 6
237 344 8
237 147 18
237 234 23
237 45 14
237 68 12
237 251 19
237 351 17
237 355 6
238 469 11
238 257 13
238 440 21
238 42 8
238 160 8
238 310 8
239 476 10
239 362 19
239 116 14
239 24 22
239 491 11
240 91 11
240 425 7
240 99 22
240 344 6
240 3 11
240 44 24
240 308 16
240 394 16
240 455 10
240 420 17
240 204 12
240 123 21
240 468 21
240 402 8
240 406 24
240 433 22
240 31 20
241 490 12
241 208 18
241 489 16
241 340 15
241 215 7
241 325 5
241 308 22
241 226 11
241 117 24
241 83 23
241 132 13
241 86 16
241 433 13
241 12 23
242 374 13
242 196 11
242 454 7
242 75 18
242 231 8
242 211 5
242 220 6
242 237 24
242 85 10
242 140 19
242 137 24
242 291 21
242 415 18
242 435 22
242 314 15
242 63 8
242 82 15
242 233 12
242 464 20
243 97 20
243 346 23
243 93 8
243 458 10
243 68 11
243 23 7
243 334 11
243 307 10
243 196 8
243 125 18
243 77 7
243 130 20
243 453 5
243 89 13
243 110 16
243 98 7
243 159 18
243 179 7
243 181 23
243 342 5
244 398 5
244 308 14
244 294 15
244 460 14
244 499 6
244 261 11
244 322 21
244 195 10
244 81 8
244 282 18
244 208 22
244 110 22
244 459 22
244 355 16
244 273 21
244 21 12
245 323 24
245 423 14
245 460 10
245 491 17
245 185 9
245 347 14
245 191 8
245 299 6
245 174 5
245 27 9
245 187 5
245 448 12
245 390 5
245 36 23
245 40 22
245 138 6
245 353 14
245 471 11
245 194 17
245 265 9
245 365 9
245 224 18
245 247 17
245 28 19
246 118 7
246 45 9
246 97 11
246 497 7
246 462 12
246 383 5
247 332 19
247 112 23
247 250 21
247 448 9
247 57 13
247 350 22
247 377 13
247 180 17
247 442 5
247 251 11
247 388 7
247 344 19
247 75 7
247 249 6
247 29 17
247 221 22
247 132 10
247 270 7
247 464 11
248 410 8
248 227 15
248 254 19
248 99 9
248 348 18
248 149 13
248 392 16
248 338 21
248 32 19
248 152 11
248 35 9
248 310 14
248 135 17
248 260 10
248 62 7
248 25 23
248 269 17
248 176 11
248 496 14
248 483 6
248 379 9
248 84 23
248 482 8
249 3 13
249 123 20
249 234 17
249 427 15
249 134 19
249 180 12
249 248 21
249 344 6
249 44 10
249 113 8
249 465 14
249 196 5
249 193 20
250 257 10
250 282 15
250 240 9
250 430 18
250 85 18
250 330 16
250 56 8
250 323 17
250 51 6
250 241 11
250 77 22
250 74 16
250 440 17
250 451 6
250 308 7
250 491 8
250 496 24
250 499 20
250 221 24
250 127 7
250 33 7
250 371 13
251 180 23
251 422 23
251 311 10
251 404 6
251 168 5
251 37 23
252 317 19
252 348 19
252 139 19
252 261 14
252 391 19
252 483 6
252 267 21
252 490 15
252 134 5
252 474 17
252 476 13
252 43 22
252 31 10
252 454 7
252 462 17
252 96 22
252 441 20
252 418 20
252 174 6
252 495 13
252 80 23
252 326 24
253 217 14
253 340 6
253 392 19
253 419 11
253 17 14
253 384 23
253 169 12
253 192 9
253 32 8
253 416 6
254 179 6
254 315 6
254 267 9
254 154 16
254 270 18
254 408 24
254 347 9
254 30 20
254 146 15
254 319 14
254 465 16
254 310 6
254 367 20
254 272 6
254 404 18
254 439 9
254 42 13
254 203 22
254 71 10
254 140 22
255 425 22
255 129 13
255 306 21
255 339 19
255 291 9
255 347 14
255 494 6
255 390 7
255 169 23
255 435 20
255 208 7
255 111 18
255 422 21
255 413 7
255 281 10
255 294 10
255 72 17
255 361 18
255 134 10
256 257 21
256 185 19
256 388 16
256 266 5
256 105 24
256 494 22
256 225 5
257 355 13
257 50 7
257 377 9
257 147 10
257 393 19
257 478 10
257 375 6
257 23 17
257 432 11
257 443 6
257 345 20
258 69 15
258 327 13
258 19 12
258 66 24
258 237 5
258 236 7
258 97 14
258 330 18
258 383 7
258 408 16
258 329 20
258 57 5
258 225 8
259 299 14
259 13 13
259 417 21
259 147 5
259 161 17
259 474 14
259 219 9
259 256 5
259 274 5
259 184 22
260 369 16
260 295 13
260 293 21
260 9 24
260 383 13
260 86 16
260 373 15
260 409 19
261 370 13
261 136 21
261 388 10
261 347 16
261 365 10
261 379 14
261 456 15
261 96 14
261 212 10
261 165 14
261 386 8
261 363 8
261 427 14
261 138 12
262 126 12
262 98 13
262 396 24
262 201 14
262 70 8
262 61 10
262 332 18
262 57 7
263 103 8
263 331 8
263 113 8
263 132 7
263 123 15
263 50 8
263 438 14
263 346 17
263 435 11
263 498 6
263 478 15
263 256 6
263 365 12
263 421 15
263 186 16
264 500 8
264 222 21
264 336 5
264 496 13
264 441 15
264 485 22
264 42 16
264 283 23
264 266 12
264 497 11
264 227 13
264 23 7
264 322 19
264 38 9
264 55 7
264 134 18
264 270 24
264 281 22
264 199 16
265 330 24
265 148 9
265 55 9
265 359 16
265 157 17
265 273 10
265 235 14
265 43 24
265 213 9
266 378 21
266 103 18
266 67 14
266 407 23
266 475 10
266 73 11
266 207 24
266 206 18
266 327 9
266 41 12
266 196 18
266 470 16
266 308 9
267 172 14
267 239 20
267 211 12
267 151 16
267 371 19
267 437 5
267 116 22
267 413 14
267 337 11
267 305 16
267 404 7
267 428 18
267 407 23
267 201 12
267 205 15
267 231 14
267 325 17
267 470 15
267 287 5
267 366 6
267 141 15
267 154 22
267 372 22
267 96 5
268 396 11
268 58 14
268 362 13
268 299 15
268 42 6
268 284 21
268 73 20
268 406 10
268 366 8
268 110 19
268 118 9
268 145 19
268 193 24
268 330 17
268 57 8
268 496 22
268 20 16
268 85 11
268 310 6
268 376 7
268 140 14
268 208 12
268 328 24
269 420 23
269 97 23
269 177 7
269 469 22
269 281 10
269 84 19
270 113 21
270 349 18
270 482 22
270 9 14
270 20 13
270 67 21
270 85 6
270 33 11
270 235 10
270 66 15
270 10 23
270 308 12
270 345 6
270 181 19
270 209 13
270 210 22
270 145 13
271 147 24
271 203 17
271 116 8
271 25 12
271 201 8
271 251 16
272 445 6
272 269 19
272 188 14
272 270 22
272 224 23
272 205 16
272 310 13
272 428 14
272 132 12
272 322 9
272 13 12
272 22 12
272 204 13
272 422 5
272 369 11
273 238 14
273 42 24
273 181 19
273 328 12
273 198 8
273 177 11
273 469 21
273 278 17
273 379 21
273 233 5
273 433 7
273 449 24
273 206 14
273 215 22
273 344 12
273 112 19
273 455 6
273 456 18
273 65 22
274 142 17
274 441 24
274 311 12
274 298 17
274 344 17
274 282 10
274 56 10
274 313 10
274 498 7
274 257 17
274 351 23
274 6 19
274 31 7
274 245 20
274 428 21
274 133 23
274 98 5
274 211 24
274 260 8
274 337 14
274 481 6
274 334 9
275 296 11
275 59 8
275 242 17
275 149 22
275 168 21
275 48 9
275 144 12
275 228 10
275 431 20
275 385 18
275 192 6
276 15 22
276 34 17
276 448 12
276 51 14
276 103 5
276 351 7
276 319 5
276 33 15
277 430 23
277 109 5
277 405 15
277 419 18
277 135 14
277 466 18
277 55 22
277 319 20
277 237 6
277 320 6
277 2 8
277 459 8
277 203 12
278 366 15
278 137 9
278 18 21
278 335 24
278 34 9
278 200 20
278 323 10
279 299 22
279 52 12
279 209 21
279 88 22
279 321 11
279 435 13
279 414 13
279 200 15
279 356 14
279 487 12
279 129 19
279 173 22
279 96 5
279 248 16
279 92 9
279 113 20
279 371 11
279 476 9
279 438 20
279 222 8
280 406 22
280 126 7
280 360 16
280 304 6
280 377 10
280 120 22
280 330 6
281 243 15
281 384 7
281 228 13
281 86 16
281 34 11
281 169 13
281 176 18
281 248 23
281 54 23
281 315 6
281 446 7
281 409 15
281 203 13
281 436 19
281 292 15
281 373 24
281 85 24
281 359 20
282 286 9
282 387 7
282 100 20
282 232 15
282 170 5
282 38 16
282 391 19
282 221 16
282 435 15
282 164 18
282 449 5
282 356 15
282 39 6
282 231 18
282 261 10
282 438 7
283 108 23
283 333 9
283 288 6
283 485 8
283 105 22
283 378 6
283 194 12
283 94 10
283 26 23
283 121 14
283 434 17
283 289 13
283 314 10
283 213 12
283 265 9
283 259 15
283 228 7
283 247 11
283 197 24
283 325 23
283 491 14
283 134 12
284 149 17
284 213 9
284 472 13
284 279 14
284 454 9
284 320 20
284 385 16
284 339 15
284 481 14
284 27 24
284 28 11
284 239 9
284 293 6
284 8 23
284 347 5
284 365 16
284 315 15
284 32 8
284 156 14
284 290 11
284 1 10
284 344 6
285 380 11
285 198 19
285 261 16
285 280 6
285 45 17
285 298 12
285 75 15
286 432 23
286 166 10
286 159 24
286 70 13
286 449 21
286 24 18
286 448 13
286 400 19
286 323 13
286 422 9
286 46 15
286 282 22
286 371 24
286 484 12
286 132 8
286 316 9
287 361 15
287 240 10
287 149 14
287 292 5
287 201 22
287 80 21
287 487 24
287 251 6
287 474 14
287 457 14
287 421 7
287 229 13
287 315 8
287 143 13
287 330 22
287 283 22
287 144 19
287 460 18
287 217 13
287 386 19
287 296 12
287 12 20
288 106 19
288 34 23
288 53 13
288 295 10
288 101 23
289 473 18
289 108 16
289 487 17
289 335 7
289 452 6
289 58 16
289 178 10
289 376 14
289 149 6
289 336 11
289 406 12
289 439 10
289 270 8
290 110 7
290 406 10
290 136 11
290 298 14
290 265 17
290 168 6
290 464 16
290 285 12
290 75 5
290 237 15
290 159 13
290 318 22
290 321 7
290 1 18
290 10 19
290 196 11
291 38 8
291 286 13
291 48 8
291 386 5
291 304 5
291 123 16
291 166 8
291 494 6
291 159 17
291 234 17
292 256 22
292 249 16
292 97 16
292 125 24
292 328 22
292 46 24
292 471 7
292 395 20
292 112 16
292 356 6
292 294 7
292 160 13
292 499 20
292 157 7
292 237 22
292 381 7
293 360 16
293 390 21
293 17 15
293 299 24
293 273 23
293 332 12
293 1 6
293 451 15
293 304 17
294 58 10
294 271 22
294 130 13
294 481 9
294 487 11
294 483 17
294 447 8
294 165 16
294 351 16
294 369 23
294 400 15
294 96 18
294 5 19
294 36 14
294 87 21
294 269 20
294 145 20
295 452 13
295 343 14
295 221 14
295 181 10
295 126 15
295 9 13
295 206 8
295 347 11
295 81 24
295 337 18
295 83 11
295 82 7
295 240 17
295 349 15
295 68 23
295 473 5
295 475 12
295 324 7
296 126 12
296 99 15
296 166 5
296 160 13
296 25 24
296 468 7
296 140 7
296 13 6
296 399 14
296 107 13
296 174 22
296 72 24
297 108 23
297 263 11
297 101 13
297 486 15
297 147 21
297 91 10
297 358 17
297 392 8
297 192 17
297 483 13
297 305 20
297 459 20
298 9 14
298 228 5
298 396 24
298 208 7
298 56 5
298 21 7
298 109 5
298 195 16
298 383 13
298 145 17
298 23 19
298 446 6
298 125 9
298 175 8
298 159 9
299 344 6
299 209 18
299 146 8
299 111 24
299 274 20
299 446 22
299 90 19
299 100 20
299 266 21
299 221 9
299 215 19
299 317 24
299 53 16
299 381 12
299 288 17
299 496 15
299 361 21
299 195 21
299 494 5
299 277 24
299 470 12
300 178 22
300 351 13
300 414 9
300 343 12
300 132 24
300 191 5
300 476 13
300 76 6
300 325 16
301 132 15
301 64 8
301 144 21
301 289 22
301 258 10
301 427 10
301 172 14
301 254 13
301 178 17
301 197 24
301 449 20
301 31 19
301 461 15
302 213 6
302 486 6
302 432 24
302 155 12
302 150 23
302 151 19
302 319 11
302 492 10
302 97 20
302 406 10
302 426 8
302 493 23
302 487 19
302 161 24
302 92 13
302 99 24
302 455 7
302 488 21
302 210 8
302 234 19
302 48 7
302 419 5
302 80 6
302 177 8
303 463 21
303 308 17
303 54 17
303 268 15
303 306 9
303 250 10
303 465 23
303 143 8
303 2 16
303 425 5
303 329 24
303 298 13
303 454 15
303 129 16
303 193 23
303 271 22
303 417 18
303 500 18
304 404 7
304 288 13
304 266 15
304 50 23
304 497 8
304 40 17
304 449 5
304 388 6
304 123 15
304 309 20
304 109 10
304 14 19
304 382 11
304 145 11
304 170 17
304 488 14
305 192 16
305 167 23
305 139 8
305 328 11
305 241 9
305 273 9
305 350 15
305 77 19
305 70 14
305 416 16
305 95 22
305 497 10
305 411 12
305 254 24
305 364 11
305 446 24
305 443 21
305 87 13
305 62 21
306 403 18
306 65 21
306 435 12
306 395 13
306 121 7
306 218 10
306 495 10
306 462 15
306 48 18
306 271 6
306 52 8
306 80 9
306 152 13
307 115 16
307 405 17
307 136 14
307 377 17
307 152 15
307 184 22
307 211 15
307 231 23
307 418 9
307 84 16
308 478 6
308 441 15
308 444 11
308 104 18
308 395 6
308 387 10
308 425 20
308 69 23
308 183 5
308 399 11
308 440 14
308 453 24
308 436 22
308 3 18
308 275 22
309 315 22
309 13 10
309 20 18
309 12 8
309 54 21
309 325 23
309 76 22
309 426 21
309 355 16
309 496 5
309 424 13
309 493 6
309 484 23
310 37 10
310 412 14
310 157 16
310 50 23
310 251 7
310 153 14
310 175 17
310 64 5
310 122 7
310 485 18
310 48 24
310 305 23
310 111 19
310 107 16
310 120 8
311 313 14
311 106 19
311 221 21
311 439 6
311 334 17
311 485 17
311 217 15
311 199 13
311 432 15
311 147 11
311 210 22
311 122 18
311 263 10
311 89 15
311 200 16
311 39 8
311 306 21
311 223 10
311 94 13
311 111 14
312 71 20
312 90 8
312 381 9
312 341 12
312 226 10
312 5 24
312 365 10
312 60 14
312 373 23
312 449 17
312 277 21
312 208 23
312 487 8
312 59 12
312 293 15
312 154 6
312 403 20
312 488 6
312 310 14
312 328 18
313 461 6
313 291 13
313 272 17
313 351 9
313 215 8
313 83 21
313 456 11
313 193 5
313 290 10
313 363 23
313 7 17
313 195 15
313 34 16
314 198 10
314 57 23
314 365 12
314 208 6
314 82 19
314 30 20
314 71 22
314 121 16
314 166 14
314 366 6
314 394 8
314 480 7
314 491 5
314 69 14
314 223 20
314 83 6
314 91 16
314 32 23
314 328 19
314 245 5
314 211 6
314 283 23
315 61 15
315 172 6
315 245 16
315 225 21
315 106 21
315 184 6
315 445 19
315 360 19
315 299 21
315 491 11
315 282 16
315 196 21
315 418 5
315 128 21
315 136 12
315 454 11
315 84 7
315 63 8
315 394 19
315 49 19
315 291 8
315 211 7
315 486 11
316 408 11
316 113 5
316 475 5
316 266 20
316 265 17
316 354 22
316 95 7
316 474 19
316 240 15
316 303 22
316 107 12
316 152 19
316 348 19
316 317 12
316 428 8
316 139 19
316 53 8
316 480 6
316 467 18
316 211 5
316 100 24
316 88 18
316 145 20
317 175 5
317 209 7
317 400 19
317 349 9
317 365 17
317 37 17
317 466 24
317 158 16
317 28 6
317 74 9
317 203 5
317 353 13
317 336 9
318 321 18
318 485 8
318 299 7
318 7 13
318 274 16
318 86 8
318 337 21
318 79 14
318 246 21
318 230 8
318 435 22
318 138 14
318 56 15
318 91 11
318 42 23
318 408 23
318 75 22
319 473 23
319 477 8
319 255 19
319 402 13
319 403 24
319 476 23
319 295 22
319 212 7
319 230 18
319 121 13
319 220 24
319 78 22
320 309 21
320 151 17
320 444 14
320 285 7
320 159 20
320 284 19
320 301 23
320 25 24
320 410 19
320 441 15
320 490 20
320 310 22
320 13 15
320 264 16
320 199 11
320 128 24
320 83 15
320 116 7
320 145 7
320 248 15
320 341 5
320 471 9
320 466 23
320 73 17
321 302 23
321 300 10
321 493 7
321 175 18
321 217 6
321 250 7
322 443 7
322 68 16
322 346 21
322 478 5
322 121 7
322 250 16
322 438 5
322 116 21
322 17 24
322 170 8
322 7 9
322 106 5
322 479 20
322 379 18
322 4 18
323 177 23
323 229 8
323 493 22
323 198 19
323 155 9
323 348 5
323 436 12
323 307 12
323 190 10
323 43 12
323 242 16
323 438 6
323 387 13
323 15 5
323 228 24
323 444 5
323 435 15
324 102 19
324 188 12
324 266 23
324 338 5
324 130 22
324 211 21
324 441 15
325 33 23
325 307 11
325 205 21
325 385 11
325 152 11
326 281 18
326 442 7
326 307 12
326 418 9
326 82 24
326 241 20
326 130 13
326 109 10
326 334 5
326 422 8
326 430 13
326 44 19
326 476 5
326 360 24
326 392 8
326 484 8
326 235 14
326 84 7
326 455 8
326 10 20
327 352 5
327 374 14
327 411 14
327 326 10
327 494 11
327 321 14
327 264 24
327 56 13
327 480 19
328 374 17
328 43 15
328 364 19
328 404 16
328 385 20
328 433 13
328 63 16
328 314 15
329 13 20
329 102 24
329 46 22
329 431 17
329 221 17
329 178 18
329 19 15
329 288 21
330 363 5
330 402 10
330 128 13
330 51 17
330 304 23
330 125 12
330 195 15
330 34 23
330 488 24
330 121 7
330 303 21
330 451 13
330 484 14
330 144 21
331 333 17
331 393 17
331 182 22
331 323 21
331 466 19
331 142 22
331 475 7
331 28 16
331 476 6
331 79 18
331 354 8
331 481 15
331 500 12
331 193 19
331 131 5
332 244 21
332 2 16
332 464 7
332 109 22
332 378 8
332 343 22
332 328 19
332 230 15
333 216 6
333 80 5
333 336 20
333 170 18
333 51 16
333 302 14
333 5 14
333 438 5
333 359 8
333 437 10
333 98 11
333 52 18
333 374 8
333 30 17
333 276 14
333 237 14
333 372 9
333 221 24
333 347 24
333 87 10
333 488 15
333 184 17
333 160 24
334 483 15
334 144 7
334 18 8
334 421 18
334 432 23
334 377 7
334 197 23
334 261 9
334 175 23
334 287 15
334 460 8
334 157 11
334 121 14
334 23 6
334 450 13
334 158 22
334 90 20
334 498 19
334 412 9
334 213 6
334 50 12
334 161 23
334 341 5
335 441 6
335 179 14
335 135 7
335 14 15
335 17 5
335 11 13
335 147 16
335 155 8
335 321 23
335 125 12
335 25 10
335 452 15
335 356 5
335 384 16
335 291 23
335 76 19
335 37 7
335 308 10
335 205 10
335 207 23
336 293 24
336 202 16
336 100 24
336 358 21
336 131 16
336 475 24
336 267 9
336 387 14
336 384 19
336 65 11
336 35 14
336 89 18
336 19 6
336 170 15
336 464 14
336 444 21
336 189 19
336 298 13
336 77 22
336 31 21
336 400 11
336 71 24
337 300 20
337 457 8
337 161 14
337 35 11
337 89 12
337 120 8
337 429 15
337 336 5
337 19 20
337 451 18
337 98 13
337 265 15
337 84 8
337 42 24
337 188 12
337 303 24
337 149 8
337 167 20
337 174 13
337 389 17
338 34 18
338 369 17
338 254 14
338 337 6
338 321 24
338 355 11
338 263 9
338 7 18
338 457 19
338 190 21
338 446 18
338 231 24
339 44 20
339 386 7
339 152 20
339 199 24
339 204 23
339 10 5
339 29 5
339 59 8
339 415 24
339 379 16
339 119 8
339 346 21
339 383 8
339 416 16
339 361 17
339 272 12
339 68 6
340 166 17
340 374 10
340 316 24
340 428 8
340 343 12
340 495 17
340 148 6
340 332 10
340 27 6
340 174 15
340 172 18
340 380 19
340 159 19
340 204 21
340 210 17
340 16 12
340 67 7
340 313 19
340 3 11
340 197 13
341 204 16
341 356 19
341 247 20
341 297 17
341 456 7
341 315 11
341 41 15
342 56 22
342 232 6
342 150 21
342 294 12
342 314 24
342 460 20
342 328 20
342 426 18
342 128 23
342 269 11
342 482 16
342 281 11
342 498 14
342 196 7
342 395 6
342 32 13
342 273 9
342 1 11
342 354 19
342 393 6
342 63 18
342 208 21
342 445 15
343 212 11
343 421 12
343 281 13
343 340 20
343 464 8
344 321 13
344 338 21
344 216 14
344 394 11
344 49 9
344 99 5
344 352 22
344 171 22
344 78 24
344 64 19
344 230 8
344 279 24
344 331 5
344 132 9
344 420 22
344 428 20
344 177 17
344 484 22
344 399 6
345 279 23
345 356 18
345 357 11
345 161 15
345 224 18
345 331 16
345 360 6
345 229 21
345 63 18
345 308 5
345 438 12
346 175 21
346 255 19
346 3 21
346 262 15
346 77 14
346 305 21
346 472 13
346 176 12
346 492 15
346 289 20
346 264 10
346 248 17
346 45 16
346 270 19
346 457 22
346 350 15
346 107 11
346 428 5
346 431 13
346 439 19
347 287 20
347 326 21
347 35 9
347 168 13
347 150 10
347 186 6
347 258 15
347 15 7
348 29 12
348 496 6
348 214 9
348 426 21
348 415 24
348 40 11
348 228 13
348 478 11
348 111 22
348 424 10
348 212 19
348 61 22
348 437 24
348 476 8
348 236 14
349 354 9
349 56 22
349 481 6
349 459 5
349 284 20
349 276 14
349 194 12
349 437 13
349 470 24
349 410 12
350 63 21
350 494 7
350 64 23
350 295 9
350 212 12
351 450 19
351 194 8
351 20 22
351 36 12
351 252 17
351 300 15
351 304 14
351 146 22
351 238 10
351 47 18
351 470 14
351 201 11
351 454 13
351 67 20
352 232 7
352 234 15
352 58 14
352 242 8
352 457 19
352 64 6
352 404 16
352 10 23
352 438 5
352 230 6
352 343 7
352 295 5
352 442 12
352 281 9
352 203 24
352 398 21
352 314 7
352 119 16
352 227 24
352 268 16
352 371 18
352 309 19
353 56 22
353 293 20
353 246 12
353 342 11
353 400 22
353 121 8
353 331 17
353 478 5
353 358 20
353 162 10
353 80 13
353 364 17
353 242 18
353 398 24
353 34 21
353 76 17
353 36 23
353 200 5
353 304 22
354 287 12
354 247 21
354 147 5
354 496 14
354 388 23
354 198 8
355 351 7
355 27 21
355 447 13
355 49 10
355 428 22
355 473 11
355 311 11
355 382 13
355 136 23
355 224 19
355 156 14
355 365 14
355 496 21
355 323 7
355 438 16
355 356 9
355 40 17
355 182 19
355 460 14
356 452 14
356 66 16
356 405 24
356 428 18
356 347 13
356 132 13
356 270 15
357 117 5
357 108 17
357 393 23
357 111 12
357 422 17
357 164 19
357 356 17
357 112 20
357 314 18
357 193 7
357 52 9
357 338 23
357 68 23
357 250 14
357 230 8
357 318 12
357 441 24
357 148 22
357 449 8
357 173 16
357 498 7
357 147 21
358 341 11
358 83 21
358 40 5
358 151 21
358 465 14
358 366 24
358 165 5
358 471 17
358 480 17
358 27 5
358 111 21
358 338 5
358 409 9
358 240 24
358 203 16
358 496 16
358 319 12
358 208 9
358 109 5
358 494 14
358 383 24
358 15 9
358 246 13
358 52 23
359 21 5
359 154 17
359 362 8
359 494 23
359 193 12
359 316 19
359 447 10
359 426 5
359 3 23
359 270 14
359 409 16
360 273 7
360 490 14
360 148 21
360 470 21
360 60 21
360 59 24
360 321 17
360 303 13
360 133 7
360 264 10
360 11 21
360 50 20
360 405 6
360 388 23
360 233 17
360 226 7
360 94 13
360 74 17
361 113 7
361 354 11
361 125 9
361 499 24
361 28 15
361 21 18
361 355 5
361 347 7
361 194 14
361 322 9
361 454 5
361 337 18
361 426 10
361 205 22
361 358 23
361 246 5
361 185 23
361 55 7
362 307 14
362 14 21
362 404 23
362 167 18
362 184 11
362 75 18
362 40 23
362 33 21
362 193 12
363 133 13
363 228 22
363 478 9
363 367 10
363 183 17
363 158 5
363 317 21
363 454 17
363 187 7
363 322 5
363 157 23
363 357 13
363 429 14
363 312 10
363 378 15
363 223 7
363 186 16
363 321 15
364 20 17
364 75 11
364 371 10
364 370 14
364 235 13
364 200 8
364 434 13
364 452 9
364 376 7
364 429 18
364 190 20
364 218 13
364 351 24
364 213 17
364 354 8
364 313 21
364 356 6
364 164 10
364 395 14
364 459 10
364 252 9
364 275 10
364 21 10
364 8 17
365 384 22
365 420 15
365 130 13
365 30 13
365 276 13
365 11 12
365 489 24
365 64 21
365 447 9
365 237 23
365 344 8
365 458 5
365 403 11
365 375 12
365 402 6
365 243 5
365 434 22
365 455 11
365 314 22
365 390 7
365 47 7
366 103 24
366 390 13
366 16 13
366 304 23
366 203 13
366 162 7
366 255 12
366 116 20
367 490 10
367 252 24
367 390 21
367 199 6
367 218 23
367 401 15
367 391 23
367 380 12
367 12 23
367 106 6
367 306 6
367 59 12
367 478 16
367 2 14
367 84 24
367 420 20
367 301 14
368 497 20
368 217 14
368 106 13
368 343 7
368 177 8
368 215 7
368 169 6
368 267 19
368 173 24
368 437 13
368 290 11
368 168 6
368 476 21
368 216 21
368 360 7
368 397 24
368 271 11
368 500 6
368 443 18
369 6 23
369 125 8
369 352 5
369 243 24
369 389 15
369 269 23
369 43 20
369 423 12
369 215 15
370 81 14
370 27 13
370 232 5
370 236 17
370 132 10
370 428 11
370 221 11
370 127 19
370 66 8
370 378 22
370 169 14
370 359 14
371 131 18
371 421 24
371 151 6
371 85 13
371 201 10
371 272 20
371 178 13
372 203 21
372 389 23
372 433 5
372 396 16
372 338 19
372 224 8
372 309 11
372 368 23
372 455 19
372 362 13
372 9 9
372 432 16
372 134 18
373 223 22
373 216 20
373 289 14
373 345 23
373 356 9
373 24 9
373 455 19
373 300 7
373 194 12
373 451 15
374 259 9
374 393 13
374 275 24
374 109 21
374 89 22
374 377 21
374 403 16
374 269 5
374 289 18
374 372 21
374 98 5
374 152 16
374 274 8
374 382 18
374 173 10
374 407 9
374 142 18
374 202 22
374 349 20
374 169 6
375 285 14
375 495 9
375 294 9
375 419 11
375 47 8
375 456 19
375 400 8
375 190 14
375 425 13
375 362 13
375 236 6
375 381 13
375 177 24
375 341 23
375 197 18
375 388 9
376 322 6
376 429 17
376 485 10
376 213 9
376 480 7
376 71 22
376 245 17
376 451 20
376 52 5
376 492 6
376 479 13
376 432 7
376 184 5
377 420 21
377 77 8
377 370 5
377 168 12
377 309 9
377 180 15
377 297 13
377 271 5
377 252 12
377 165 15
377 324 5
377 163 10
377 162 20
377 8 19
377 131 16
377 434 8
377 94 11
377 399 10
377 339 11
378 327 18
378 201 10
378 334 11
378 123 7
378 404 9
378 490 11
378 297 20
378 270 16
378 432 11
378 89 14
378 291 13
378 122 20
378 135 8
378 426 20
378 496 16
378 290 17
378 298 11
378 65 19
378 462 9
378 473 9
378 209 19
378 10 12
378 449 16
378 389 22
379 193 16
379 418 21
379 422 19
379 201 16
379 113 21
379 269 24
379 214 12
380 326 21
380 105 10
380 434 15
380 27 13
380 283 21
381 73 20
381 298 14
381 129 8
381 448 21
381 69 16
381 302 13
381 137 15
381 76 7
381 91 11
381 103 17
381 167 18
381 350 5
381 399 23
382 211 16
382 442 16
382 383 6
382 398 8
382 71 14
382 82 22
382 303 10
382 305 6
382 177 5
382 293 22
382 87 9
382 173 18
382 375 17
382 207 7
382 142 7
382 170 5
382 388 10
383 78 12
383 483 6
383 256 23
383 365 19
383 332 5
383 434 15
383 379 22
383 380 17
383 269 6
383 232 10
383 45 24
383 253 19
383 260 12
383 468 21
383 6 23
383 23 24
383 113 15
383 424 22
383 127 10
383 88 9
383 314 20
383 496 22
383 333 13
383 258 23
384 75 22
384 231 22
384 172 23
384 344 9
384 142 8
384 237 11
384 284 24
384 126 10
384 244 14
384 9 21
384 286 9
384 278 11
384 255 16
384 170 16
384 29 11
384 294 13
384 359 5
384 34 10
385 313 24
385 474 17
385 423 11
385 105 18
385 32 10
385 389 20
385 392 19
385 257 12
386 396 13
386 495 10
386 207 16
386 435 20
386 296 10
386 381 9
386 405 17
386 175 21
386 121 6
386 452 19
386 393 16
386 358 20
386 120 13
386 99 7
386 244 21
387 399 10
387 426 12
387 247 5
387 64 19
387 485 16
387 140 14
387 328 18
387 163 23
387 178 14
387 298 20
387 446 21
388 451 15
388 304 20
388 392 10
388 348 7
388 492 16
388 95 7
388 457 14
388 480 9
388 308 12
388 418 13
388 422 20
388 171 24
388 401 9
388 3 10
388 268 12
388 46 24
389 405 18
389 384 24
389 161 23
389 140 6
389 250 9
389 480 19
390 412 23
390 362 23
390 27 11
390 64 12
390 255 11
390 63 5
390 496 18
390 49 23
390 287 22
390 398 14
390 498 22
390 234 12
390 366 12
390 99 6
390 323 13
390 25 15
390 41 14
390 338 21
390 185 11
390 228 21
390 353 6
390 213 18
390 141 14
390 439 21
391 128 24
391 307 20
391 34 23
391 464 19
391 22 23
391 243 21
391 242 20
391 249 23
391 285 16
391 174 5
391 444 14
391 159 15
391 267 24
391 46 13
392 17 18
392 291 11
392 463 24
392 411 23
392 243 16
392 500 21
392 215 6
392 67 18
392 471 22
392 459 19
392 163 12
392 217 23
392 196 6
393 492 11
393 421 24
393 60 11
393 347 13
393 435 7
393 371 21
393 12 7
393 16 11
393 76 21
393 190 23
393 425 19
394 384 11
394 164 5
394 126 9
394 320 5
394 456 13
394 76 16
394 87 21
394 173 23
394 79 5
394 39 20
394 93 13
394 477 15
394 498 21
394 59 10
394 68 14
394 197 17
394 23 22
394 38 9
394 189 14
395 279 24
395 120 21
395 223 23
395 456 12
395 381 19
395 51 6
395 287 24
396 379 13
396 221 15
396 482 18
396 61 13
396 383 20
396 306 17
396 435 22
396 298 5
396 325 15
396 187 24
397 381 15
397 153 24
397 187 9
397 149 14
397 188 10
397 331 15
397 194 24
397 418 24
397 466 6
397 271 19
397 164 24
397 259 17
397 116 14
397 231 22
397 206 11
397 25 16
397 296 24
397 433 17
397 42 24
397 233 9
397 23 7
397 85 19
398 438 19
398 2 13
398 481 6
398 176 16
398 463 24
399 89 21
399 406 22
399 52 5
399 143 5
399 286 13
399 327 19
399 370 17
399 485 9
399 64 17
399 103 10
399 396 23
399 369 21
399 316 23
399 173 13
400 356 5
400 472 8
400 54 9
400 222 9
400 240 19
400 154 16
400 183 8
400 419 11
400 52 17
400 172 6
400 331 13
400 83 13
400 84 17
400 303 7
400 79 9
400 460 11
400 398 17
400 253 24
400 197 8
400 12 8
400 153 24
401 374 10
401 290 11
401 408 24
401 83 5
401 414 11
401 424 8
401 53 21
401 77 18
401 62 14
401 56 12
401 14 14
401 344 8
401 166 8
401 448 17
401 135 11
401 110 13
402 245 7
402 24 23
402 305 21
402 96 16
402 349 23
402 484 11
402 237 23
402 480 9
402 219 21
402 241 14
402 467 19
402 169 14
402 257 16
402 146 12
402 384 6
402 331 18
403 75 11
403 306 16
403 246 21
403 404 22
403 450 23
403 373 5
403 470 23
403 339 8
403 397 11
404 206 13
404 300 7
404 420 16
404 185 24
404 464 7
404 77 19
404 293 20
404 374 6
404 373 15
404 408 13
404 314 17
405 241 16
405 139 10
405 398 17
405 111 6
405 492 18
405 446 21
405 107 14
405 249 16
405 123 20
405 141 11
405 324 22
405 364 7
405 218 7
405 395 5
405 349 24
405 489 18
405 485 7
406 248 16
406 476 19
406 498 10
406 176 14
406 88 12
406 202 14
406 110 16
406 396 20
406 292 17
407 147 20
407 388 15
407 186 12
407 22 21
407 173 10
407 495 17
407 492 19
407 14 22
407 433 11
407 169 8
407 390 5
407 119 17
407 307 14
407 493 19
407 409 18
408 305 11
408 115 6
408 460 8
408 161 13
408 356 22
408 282 15
408 459 5
408 370 20
408 338 10
408 113 13
408 441 13
408 368 24
408 311 13
408 490 12
408 166 7
408 379 24
408 178 11
408 54 23
409 76 10
409 246 10
409 128 15
409 433 11
409 273 21
409 89 13
409 429 22
409 392 15
409 53 19
409 175 19
409 305 18
409 192 11
409 130 15
409 307 11
410 186 24
410 211 13
410 485 11
410 347 17
410 406 14
410 174 24
410 302 14
410 490 17
411 164 17
411 441 24
411 162 13
411 303 11
411 22 24
411 348 16
411 111 19
411 246 14
411 306 19
411 377 21
411 354 9
411 426 11
411 355 6
411 75 20
411 51 18
411 250 5
411 490 14
411 326 14
411 231 19
412 83 24
412 346 22
412 136 23
412 25 13
412 132 21
412 103 14
412 388 12
412 398 17
413 195 8
413 287 13
413 496 8
413 345 12
413 429 23
413 258 22
413 206 24
413 145 13
413 89 9
413 344 12
413 21 21
414 358 22
414 258 16
414 188 12
414 12 18
414 155 7
414 350 21
414 166 8
414 97 20
414 66 22
414 463 8
414 106 13
414 223 18
414 1 14
414 467 7
414 193 19
414 418 14
414 429 12
414 315 14
414 46 11
415 500 6
415 367 5
415 162 5
415 279 9
415 489 9
416 155 8
416 371 17
416 477 18
416 101 20
416 329 19
416 343 8
416 288 10
416 437 6
416 115 13
416 492 21
416 422 24
416 409 9
416 388 23
417 188 23
417 286 9
417 352 16
417 26 10
417 89 14
417 473 21
417 387 20
417 294 21
418 491 19
418 259 15
418 460 11
418 52 16
418 386 19
418 251 16
418 368 7
418 352 11
418 410 17
418 306 21
418 84 21
418 445 17
418 406 23
418 204 8
418 477 8
418 85 11
418 304 23
418 391 16
418 362 6
419 112 10
419 77 16
419 171 11
419 484 9
419 29 12
419 69 14
419 22 7
419 89 17
419 18 12
419 95 14
419 37 20
419 84 24
419 189 19
419 396 7
419 298 7
419 131 11
419 402 19
419 471 18
419 207 23
419 145 17
419 354 24
419 202 10
419 345 6
420 430 8
420 159 18
420 397 23
420 359 12
420 391 22
420 82 6
420 138 14
420 211 23
420 387 22
420 272 5
420 294 14
420 422 19
420 436 20
420 165 10
420 79 15
420 30 11
420 497 13
420 384 14
420 410 6
420 157 15
421 314 10
421 356 8
421 483 13
421 475 23
421 21 5
421 445 14
421 182 16
421 79 19
421 414 24
421 129 23
421 305 23
421 428 6
421 442 9
421 68 12
422 234 14
422 415 7
422 356 13
422 247 14
422 497 23
422 202 6
422 453 19
422 238 9
422 219 6
422 347 8
422 306 19
422 41 22
422 186 10
422 461 14
422 458 15
422 267 6
422 192 15
422 205 5
422 191 6
422 126 6
423 488 8
423 67 13
423 410 6
423 168 10
423 19 20
423 447 21
423 300 17
423 416 7
423 72 8
423 457 7
423 284 14
423 136 10
423 82 23
423 84 12
423 6 10
423 448 6
423 297 18
423 142 9
423 362 6
423 434 7
423 498 23
424 465 19
424 404 19
424 78 14
424 90 23
424 442 21
424 402 9
424 379 7
424 79 6
424 326 8
424 320 15
424 491 10
424 331 20
424 240 13
424 254 18
424 65 10
424 92 24
424 53 24
424 470 10
424 33 18
424 390 7
424 185 20
425 493 15
425 108 7
425 18 13
425 20 22
425 254 13
425 285 24
425 266 18
425 245 5
425 279 5
425 474 22
425 375 17
425 370 22
425 419 12
425 94 13
425 74 9
425 159 21
425 157 14
425 122 20
425 452 19
425 378 18
425 439 15
425 491 23
425 300 11
425 397 7
426 379 19
426 412 9
426 19 10
426 264 23
426 27 13
426 315 17
426 230 15
426 30 14
426 440 10
426 115 12
426 127 15
426 363 9
427 462 6
427 32 22
427 245 22
427 416 10
427 119 15
428 141 19
428 97 6
428 215 12
428 380 14
428 157 12
428 15 17
428 224 13
428 439 9
428 285 23
428 306 20
428 477 15
428 331 15
428 366 15
429 207 21
429 159 16
429 215 21
429 208 10
429 226 24
429 223 18
429 415 16
429 9 9
429 54 5
429 276 17
429 233 17
429 40 15
429 255 13
430 268 7
430 390 13
430 108 20
430 66 8
430 414 19
430 355 7
430 385 22
431 138 15
431 172 24
431 309 15
431 482 19
431 284 9
431 316 8
431 339 7
431 22 19
431 49 20
431 12 22
431 51 11
431 480 15
432 45 23
432 116 8
432 164 19
432 31 11
432 24 16
432 319 6
432 122 11
432 431 10
432 6 19
432 253 20
433 490 17
433 415 16
433 259 11
433 84 20
433 206 14
433 436 18
433 95 7
433 351 24
433 139 14
433 171 17
433 400 22
433 374 5
433 55 15
433 187 13
433 91 18
433 74 13
433 286 11
433 156 11
433 175 21
433 424 6
433 46 20
434 241 11
434 243 7
434 97 19
434 394 21
434 270 6
434 166 17
434 114 16
434 130 6
434 22 16
434 58 13
434 38 22
434 206 7
434 252 15
434 202 22
434 72 15
434 480 13
434 283 22
435 377 10
435 283 19
435 457 5
435 338 14
435 59 18
435 46 12
435 102 15
435 385 15
435 234 8
435 212 5
435 183 12
435 407 23
435 25 21
435 9 19
435 221 23
435 273 13
435 156 14
435 451 5
435 97 17
435 70 7
435 358 10
436 383 10
436 20 17
436 292 15
436 218 13
436 124 15
436 221 8
437 308 15
437 350 6
437 17 14
437 139 8
437 310 5
437 343 20
437 23 24
437 162 5
437 291 14
437 363 20
437 94 10
437 358 11
437 432 15
437 433 21
437 368 5
437 4 9
437 474 15
437 393 7
437 261 15
437 67 17
437 464 18
437 317 10
438 176 9
438 7 7
438 248 21
438 75 8
438 139 22
438 381 22
438 123 23
438 43 19
438 54 21
438 348 10
438 464 16
438 101 8
438 386 8
438 453 15
438 383 9
438 32 14
438 296 16
439 169 6
439 28 23
439 94 22
439 467 9
439 16 14
439 276 19
439 39 7
439 173 13
439 220 7
439 472 5
439 227 7
439 152 8
439 238 23
439 61 18
439 447 8
439 251 17
439 197 18
439 347 17
439 367 20
439 48 22
439 181 12
439 44 8
440 497 5
440 160 10
440 161 19
440 336 18
440 461 9
440 333 5
440 311 23
440 358 16
441 169 11
441 387 12
441 344 20
441 115 12
441 325 8
441 6 11
441 424 19
441 177 21
441 175 11
441 78 23
441 150 13
441 147 8
441 61 12
441 359 5
441 256 10
441 132 17
441 190 12
441 181 13
441 283 24
441 263 17
441 83 18
441 87 14
442 20 16
442 68 7
442 34 19
442 222 22
442 277 19
442 32 12
442 13 24
442 372 16
442 127 7
442 284 11
443 344 6
443 27 23
443 451 18
443 129 17
443 123 16
443 315 20
443 31 24
443 42 13
443 481 18
443 80 11
443 308 17
444 396 12
444 203 24
444 286 5
444 217 23
444 394 16
444 345 16
444 222 20
444 141 16
444 161 13
444 454 24
444 287 6
444 233 21
445 329 21
445 339 16
445 419 21
445 63 5
445 495 15
446 380 23
446 237 12
446 421 13
446 38 24
446 62 12
446 5 5
446 103 24
446 410 21
446 298 13
446 477 6
446 246 14
446 95 8
446 181 14
446 241 14
446 266 16
446 492 10
447 323 6
447 106 5
447 47 9
447 432 10
447 485 6
447 60 9
447 223 10
447 161 9
447 324 19
447 404 13
448 344 14
448 101 15
448 490 9
448 341 23
448 103 21
448 72 21
448 479 17
448 312 17
448 212 7
448 77 7
448 395 9
448 27 15
448 410 20
448 270 19
448 214 18
448 297 12
448 132 21
448 278 11
448 335 11
448 301 13
448 61 18
449 77 24
449 235 22
449 402 10
449 382 24
449 38 24
449 421 17
449 354 7
449 195 17
449 102 16
449 286 13
449 63 6
449 290 21
449 108 21
450 337 22
450 345 19
450 83 8
450 23 10
450 226 9
450 364 19
450 278 23
450 156 10
450 26 16
450 285 20
450 238 11
450 131 18
450 103 21
450 426 12
450 219 24
450 470 7
451 91 6
451 71 21
451 468 21
451 405 16
451 23 16
451 180 15
451 31 8
451 204 16
451 230 15
451 320 8
451 404 5
451 392 14
451 184 17
452 41 22
452 499 23
452 174 12
452 236 17
452 64 12
452 104 6
452 288 18
452 79 10
452 138 22
452 76 24
452 197 16
452 402 18
452 487 18
452 347 23
452 204 5
452 478 18
452 12 11
452 440 14
452 381 10
453 401 18
453 172 11
453 241 11
453 129 19
453 209 24
453 291 21
453 259 21
453 281 10
453 271 17
453 72 16
453 400 12
453 134 21
453 384 12
453 39 19
453 151 22
453 437 19
453 314 24
454 495 9
454 262 9
454 90 23
454 109 14
454 275 12
454 307 9
455 176 16
455 410 17
455 18 5
455 88 24
455 67 11
456 159 24
456 302 16
456 340 13
456 15 6
456 251 7
456 26 16
456 452 24
456 192 12
456 407 18
456 372 22
456 29 10
456 64 21
456 369 14
456 135 13
456 144 12
457 138 20
457 309 6
457 256 19
457 48 6
457 263 10
457 79 17
457 221 11
457 352 10
457 418 12
457 324 17
457 183 5
457 117 22
457 18 13
457 380 12
457 405 23
457 357 13
457 447 9
457 122 16
457 28 5
457 411 10
457 268 13
458 473 18
458 120 23
458 131 10
458 438 6
458 153 18
458 385 8
458 377 16
458 380 14
458 427 16
458 289 21
458 431 23
458 338 14
458 45 16
458 99 12
458 202 9
458 406 7
458 171 17
459 367 12
459 378 20
459 15 11
459 86 14
459 58 9
459 130 6
459 42 19
459 28 8
459 447 17
459 444 19
459 494 15
459 369 21
459 11 8
459 214 8
459 167 16
459 157 7
459 190 5
459 342 14
460 90 20
460 221 10
460 298 7
460 19 19
460 443 21
460 337 20
460 10 14
460 48 13
460 113 6
460 413 18
460 368 10
460 276 21
460 96 9
460 223 15
460 173 17
460 336 20
460 197 24
460 194 18
460 328 17
460 311 24
461 354 12
461 419 10
461 429 21
461 148 16
461 454 5
461 153 17
461 494 16
461 230 10
461 255 8
461 229 12
461 118 16
461 69 7
461 464 12
461 63 24
461 421 16
461 1 20
461 498 15
461 47 23
462 72 11
462 241 8
462 318 8
462 292 11
462 285 6
462 282 9
462 83 12
462 329 16
462 360 10
462 344 22
462 322 9
462 11 16
462 180 11
462 170 17
463 115 22
463 372 19
463 255 12
463 479 7
463 180 6
463 473 12
463 385 11
463 251 24
463 23 6
463 272 23
463 135 16
463 300 5
463 50 20
463 189 5
463 76 23
463 185 11
463 17 9
463 373 23
463 446 23
463 194 9
464 226 9
464 227 5
464 59 5
464 325 18
464 233 20
464 388 9
464 204 20
465 348 15
465 175 21
465 10 20
465 472 18
465 62 18
465 336 8
466 416 9
466 337 24
466 472 20
466 191 6
466 423 13
467 95 23
467 479 22
467 425 9
467 53 13
467 157 15
467 200 20
467 41 9
467 54 5
467 224 6
467 17 20
467 146 5
467 362 8
467 365 13
467 458 20
467 94 15
468 177 17
468 414 17
468 291 18
468 138 10
468 354 22
468 211 21
468 84 20
468 198 15
468 152 5
468 252 11
468 188 22
468 353 12
468 39 16
468 23 16
468 110 16
468 128 13
468 228 8
468 477 9
468 404 21
468 208 24
468 278 15
468 7 8
468 28 10
468 446 5
469 235 10
469 382 19
469 338 7
469 116 6
469 241 7
469 444 5
469 364 24
469 126 9
469 210 16
470 190 17
470 375 24
470 161 18
470 45 19
470 168 24
470 306 20
470 344 20
470 89 16
471 61 9
471 8 19
471 253 18
471 172 12
471 439 6
471 391 13
471 247 21
471 428 6
471 23 17
471 467 11
471 365 15
471 443 16
471 393 7
471 479 6
471 238 5
471 491 18
471 348 9
471 25 16
471 229 23
472 99 9
472 178 22
472 424 17
472 298 15
472 288 15
472 108 9
472 249 22
472 251 8
472 463 5
472 308 8
472 127 11
473 117 17
473 264 21
473 193 23
473 223 15
473 266 13
473 401 5
473 435 22
473 152 23
473 433 15
473 441 21
473 434 18
473 342 9
473 384 10
473 276 12
473 139 5
473 146 5
473 210 17
473 263 5
473 168 6
473 305 10
473 178 8
474 269 9
474 374 14
474 241 7
474 159 11
474 127 6
474 179 17
474 377 24
474 114 19
474 282 19
474 285 19
474 75 24
474 275 11
475 67 15
475 310 18
475 411 6
475 459 20
475 448 24
475 276 20
475 52 10
475 282 15
475 391 14
475 8 19
475 408 10
475 267 19
475 437 14
475 473 16
475 438 5
475 481 19
475 85 10
475 223 22
475 203 17
475 40 19
475 386 7
475 68 19
475 21 19
475 202 18
476 202 12
476 308 5
476 281 5
476 387 19
476 156 19
476 278 20
476 12 17
477 223 7
477 404 20
477 443 6
477 190 6
477 171 23
477 427 18
477 66 10
477 416 15
477 382 14
477 2 7
477 92 20
477 389 21
477 87 11
477 320 23
477 80 24
477 166 9
478 104 21
478 5 5
478 415 21
478 497 21
478 248 5
478 206 15
478 110 6
478 62 11
478 193 20
478 244 10
478 138 11
478 496 15
478 99 5
478 421 6
478 486 16
478 118 23
478 258 6
478 242 12
478 454 16
478 130 17
478 440 16
478 474 8
479 388 13
479 38 7
479 58 20
479 35 8
479 485 8
479 111 17
479 220 23
479 258 22
479 414 13
479 240 8
479 397 14
479 308 12
479 411 15
479 206 22
479 418 5
480 231 23
480 241 22
480 362 22
480 143 24
480 135 15
480 108 24
480 69 16
480 297 15
480 125 13
480 17 13
480 74 16
480 169 8
481 26 8
481 180 19
481 98 13
481 288 23
481 145 19
481 413 17
481 297 12
481 41 12
481 438 11
481 349 20
481 321 24
481 410 7
481 423 7
481 167 16
481 153 7
482 319 6
482 332 11
482 125 6
482 41 11
482 334 8
482 67 10
482 304 23
482 112 5
482 470 24
482 31 11
482 105 23
483 366 5
483 286 6
483 41 19
483 62 20
483 374 9
483 365 17
483 414 22
483 28 23
484 208 14
484 225 21
484 428 24
484 239 5
484 205 22
484 10 9
484 328 18
484 113 8
484 54 12
484 56 13
484 297 22
484 23 13
484 332 21
484 25 14
484 246 11
484 37 17
484 2 22
484 424 7
484 300 12
485 404 6
485 25 13
485 364 9
485 378 15
485 223 18
486 327 23
486 365 13
486 229 23
486 324 20
486 409 10
486 55 15
486 356 24
486 439 23
486 350 16
486 496 16
486 109 7
486 328 19
486 124 20
486 93 20
486 153 16
486 382 13
487 56 24
487 394 22
487 20 6
487 212 21
487 427 15
487 227 24
487 305 11
487 407 17
487 307 13
487 410 13
487 273 11
487 82 15
487 292 11
487 230 21
487 55 8
487 169 15
487 35 24
487 475 14
487 342 17
487 171 20
487 100 17
487 405 5
487 215 11
487 293 6
488 350 12
488 451 11
488 496 16
488 154 21
488 431 22
488 285 19
488 219 7
488 260 18
488 236 19
488 324 6
488 5 11
488 280 14
488 394 12
489 307 22
489 105 20
489 494 23
489 188 16
489 325 22
489 63 24
489 354 18
489 106 22
489 76 24
489 127 23
489 70 21
489 298 10
489 51 19
489 215 19
489 253 21
489 440 5
489 88 12
489 67 9
490 281 20
490 144 22
490 41 10
490 174 12
490 27 12
490 128 8
490 217 17
490 103 5
490 374 5
490 102 11
490 54 14
490 448 22
490 365 12
491 333 23
491 471 6
491 119 22
491 330 18
491 454 13
491 204 14
491 302 22
491 206 12
491 153 13
491 357 19
491 359 6
491 417 6
491 138 18
491 369 16
491 1 16
491 480 24
491 66 5
491 31 6
491 269 16
491 220 11
491 143 24
491 146 9
491 448 10
492 179 5
492 383 13
492 124 20
492 358 19
492 177 15
492 434 24
492 264 11
492 307 5
492 278 22
492 381 5
493 188 5
493 192 10
493 431 11
493 248 17
493 384 15
494 419 23
494 164 15
494 7 14
494 1 8
494 104 18
494 258 15
494 245 7
494 151 6
494 110 21
494 88 9
495 107 16
495 327 10
495 99 6
495 377 9
495 110 17
495 115 16
496 74 19
496 12 12
496 476 15
496 386 10
496 30 13
496 414 17
496 17 21
496 263 8
496 480 7
496 130 10
496 31 9
496 9 13
496 97 15
496 478 18
496 324 17
496 483 15
496 186 5
496 48 10
496 141 9
496 287 8
496 66 15
497 366 19
497 496 14
497 470 22
497 98 20
497 6 17
497 459 8
497 264 20
497 351 17
497 436 7
497 344 20
497 93 16
497 431 5
497 117 10
497 401 23
497 362 21
497 115 5
498 276 10
498 488 11
498 199 17
498 9 18
498 177 17
498 189 7
498 253 5
498 46 5
498 391 18
498 388 5
498 441 20
498 164 13
498 442 9
498 67 23
499 198 22
499 251 9
499 24 12
499 457 18
499 240 18
499 302 15
499 131 6
500 109 19
500 10 11
500 379 10
500 251 16
500 148 24
500 115 20
500 189 18
500 212 7
500 453 13
500 22 9
