1 29 20
1 254 14
1 277 13
1 299 24
1 184 7
1 159 15
1 306 15
2 200 13
2 333 6
3 442 13
4 445 5
4 42 21
4 161 8
4 371 22
4 258 12
4 396 5
4 79 21
4 141 20
4 344 11
4 90 23
5 45 22
5 209 24
5 297 12
5 331 19
5 28 15
5 389 22
5 239 24
5 421 22
6 306 17
6 376 8
6 300 19
6 488 15
6 275 11
6 177 10
6 154 5
6 412 20
7 363 15
7 167 15
7 37 16
8 446 11
8 65 5
8 408 11
8 334 16
8 163 19
8 381 22
8 432 9
8 134 12
8 441 6
8 448 8
9 280 10
9 316 15
9 387 17
9 2 22
10 417 11
10 442 13
10 454 6
10 103 22
11 3 23
11 224 15
11 209 16
11 267 9
11 395 8
11 78 20
11 146 9
11 97 23
11 371 12
12 35 23
13 315 15
13 80 23
13 137 16
13 42 11
13 195 10
13 14 15
13 68 23
14 493 17
15 196 17
15 351 22
15 498 11
15 296 6
15 208 24
15 9 9
15 72 12
15 463 13
16 169 9
16 292 17
17 234 14
17 401 22
17 435 16
17 402 17
18 107 20
18 435 24
18 214 6
18 220 21
18 176 8
18 459 22
18 230 11
19 280 20
19 250 8
19 138 13
19 127 10
19 463 20
19 77 15
19 24 20
19 17 9
20 51 14
20 457 15
21 194 22
21 256 21
21 433 18
21 106 18
21 456 7
21 316 19
21 382 16
22 208 21
22 389 13
22 237 9
22 360 21
22 419 5
22 422 9
22 412 14
22 321 14
22 457 8
22 363 16
23 270 23
23 369 11
23 305 18
23 280 7
24 29 11
24 400 11
24 254 17
24 104 5
24 368 8
24 18 10
24 150 22
24 381 5
25 166 5
25 158 6
25 226 18
25 319 11
25 59 23
25 216 10
25 232 24
25 337 16
25 366 22
25 135 16
26 30 10
26 471 6
27 457 11
28 23 22
29 127 7
29 211 15
29 282 14
29 317 19
29 487 18
29 361 17
29 352 13
29 284 15
30 222 15
30 9 20
30 383 14
30 416 11
30 79 13
30 287 8
30 78 21
30 231 13
31 484 13
31 464 5
31 43 13
31 398 9
31 302 5
32 499 5
32 227 8
32 39 14
32 376 5
32 402 12
32 89 18
32 13 6
32 392 20
32 425 18
32 195 19
33 100 10
33 200 10
33 125 11
33 76 19
33 181 23
33 441 13
33 445 10
34 17 21
35 467 13
35 401 13
35 82 21
36 381 20
36 282 24
36 439 18
36 111 9
36 270 6
37 411 17
37 54 5
38 478 8
38 227 12
38 172 18
38 383 8
38 366 20
38 323 9
38 102 15
38 121 9
38 257 20
39 154 19
39 250 13
39 238 17
39 489 19
39 251 9
39 59 15
39 188 13
39 375 23
39 411 24
39 67 12
40 158 6
40 73 15
40 226 11
40 138 14
40 129 21
40 65 13
40 368 23
41 469 6
42 198 17
42 447 24
42 18 24
42 76 7
42 182 8
42 96 7
42 396 24
42 459 8
43 292 5
43 327 16
43 235 21
44 203 5
44 62 11
45 7 9
45 137 6
45 31 16
45 77 18
45 200 23
45 432 23
46 469 24
46 448 22
46 50 8
46 226 20
47 247 8
47 236 16
47 8 12
47 454 8
47 399 9
47 286 18
47 340 18
47 292 12
47 93 24
47 452 13
48 314 16
48 155 22
48 191 13
48 366 22
48 361 16
49 326 5
49 225 16
49 327 12
49 25 12
49 254 24
49 119 24
49 388 22
49 412 23
49 157 14
50 452 14
50 259 16
50 174 10
50 282 10
50 233 19
50 133 18
50 478 17
50 84 14
51 466 22
51 100 24
51 97 7
51 107 21
51 476 22
52 169 17
52 383 24
52 370 5
53 497 6
53 440 7
53 382 21
53 203 12
53 7 16
53 383 16
53 184 18
53 150 13
53 93 15
54 28 11
54 6 11
54 485 13
54 432 24
54 317 20
54 187 13
54 211 14
54 95 20
54 127 11
54 45 24
55 93 17
55 181 17
56 169 24
56 474 15
56 250 11
56 344 23
56 22 16
56 182 5
56 70 7
57 333 15
57 34 6
57 116 24
58 103 23
59 69 16
59 109 14
59 127 22
59 283 22
59 68 13
59 394 18
59 96 17
59 329 17
60 226 7
60 381 23
60 37 11
60 431 5
61 230 18
62 324 17
62 465 5
62 430 15
62 15 15
63 150 23
63 379 21
63 61 12
63 277 21
63 496 11
63 192 21
63 212 6
63 408 14
63 392 23
64 204 5
64 246 23
64 60 8
64 227 18
64 276 9
64 163 20
64 165 24
64 445 13
65 401 12
65 172 18
65 50 15
66 227 11
66 136 15
67 321 8
67 485 18
67 88 7
67 141 13
68 111 7
68 409 9
68 156 22
68 134 22
68 439 16
68 395 14
69 43 18
69 209 18
69 352 5
69 66 12
69 223 7
69 390 6
69 323 9
69 85 6
69 467 13
70 194 21
71 68 19
71 226 12
71 380 18
71 394 18
71 484 20
72 328 22
72 439 7
72 197 7
72 213 16
72 187 19
72 280 7
72 202 14
72 91 24
72 75 6
73 207 23
73 330 22
73 39 17
73 221 5
73 246 22
73 187 20
73 31 16
73 413 7
74 157 16
74 373 11
74 440 24
74 395 5
74 231 8
74 369 24
74 331 13
74 300 5
75 74 5
76 179 23
76 169 9
76 339 7
76 418 20
76 370 22
77 33 7
77 407 20
77 63 8
77 32 22
77 254 14
78 485 20
78 377 13
78 443 15
78 70 19
78 229 21
78 496 14
78 102 17
79 357 8
80 176 18
80 277 9
80 368 11
80 392 17
80 356 22
80 385 21
80 363 22
80 458 17
81 328 10
81 467 16
81 353 6
81 431 5
81 99 13
81 484 16
82 140 20
82 485 22
82 465 9
82 17 18
82 58 10
82 500 18
83 434 7
83 333 9
83 363 20
83 268 13
83 262 13
83 47 16
84 442 13
84 370 12
84 66 17
84 458 16
85 160 21
85 353 24
85 176 14
85 335 24
85 339 18
85 236 13
85 177 18
85 275 6
85 250 21
86 245 12
86 471 6
86 323 11
86 34 9
87 357 24
88 135 20
88 402 16
88 311 14
88 44 20
88 416 9
88 208 6
89 315 15
89 349 18
89 99 13
90 143 8
90 384 8
90 192 14
90 292 8
90 168 15
91 386 20
91 211 14
91 430 20
91 303 6
92 339 15
92 192 6
92 250 14
93 246 8
93 118 17
93 386 9
93 236 18
93 290 20
93 281 20
93 427 21
93 466 19
93 381 16
94 328 14
94 360 24
94 42 18
94 315 21
94 210 7
94 82 11
94 398 12
94 355 5
94 69 5
95 12 6
95 137 20
95 385 11
95 36 14
95 123 15
96 369 14
97 10 22
97 397 15
97 259 10
97 401 23
97 141 15
97 306 21
97 472 20
98 150 19
98 296 11
98 19 23
98 336 10
98 500 21
98 96 5
98 110 15
98 473 20
98 147 17
99 237 21
99 68 5
99 148 6
99 280 16
99 250 15
99 363 15
100 131 21
100 162 22
100 209 5
100 379 11
100 356 23
100 449 13
100 404 6
100 278 5
100 124 20
100 297 18
101 429 16
102 278 24
102 128 19
102 432 22
102 148 18
102 27 24
102 48 11
102 192 8
102 485 23
102 319 15
102 419 10
103 114 8
103 417 19
104 414 11
105 66 8
105 153 9
105 411 9
105 102 7
106 345 9
106 54 10
106 41 18
106 371 18
106 401 12
106 479 22
106 272 7
106 125 16
107 437 21
107 18 5
107 176 24
107 23 10
107 68 13
107 88 9
107 3 20
107 253 7
108 181 16
108 155 16
108 250 9
108 115 6
108 48 14
108 177 10
109 194 14
109 492 22
109 392 8
109 166 10
109 405 6
109 319 14
110 456 21
110 114 11
110 330 10
110 310 21
110 250 22
110 329 20
110 12 16
110 367 21
110 436 7
110 444 5
111 466 21
111 78 9
111 267 20
111 224 21
111 363 23
111 322 15
111 402 6
111 375 16
111 163 14
112 383 13
112 264 8
112 287 20
112 117 12
113 489 14
113 332 5
114 60 16
114 456 21
114 38 7
114 378 9
114 186 20
114 5 13
115 293 11
115 291 16
116 269 16
116 259 21
116 448 21
116 113 14
117 234 14
117 100 17
117 136 21
117 329 15
117 50 8
117 151 17
117 439 17
117 195 22
118 392 10
118 14 21
119 153 8
119 434 17
119 394 11
119 463 6
119 101 16
119 117 12
120 49 12
120 333 21
120 100 20
120 381 11
120 111 19
120 301 8
120 50 5
120 346 22
120 114 20
120 466 9
121 373 12
121 427 5
121 402 23
121 273 9
121 210 23
122 242 14
122 492 9
122 330 6
122 94 8
123 243 14
123 78 10
123 482 9
124 406 17
124 130 16
124 154 12
124 266 17
124 25 18
124 57 11
124 30 21
124 236 18
124 419 20
124 249 5
125 340 19
125 105 13
126 155 10
126 473 17
126 458 5
126 262 9
126 124 10
126 98 7
126 496 16
126 32 7
126 164 15
127 214 24
127 461 12
128 330 20
128 115 18
128 64 23
128 10 7
128 314 23
128 300 14
128 121 12
128 62 16
128 77 20
129 2 6
129 447 5
129 10 16
129 372 21
129 314 12
129 335 17
129 20 21
129 15 17
129 468 17
129 434 17
130 445 22
130 1 17
130 338 18
131 414 8
132 192 13
132 147 19
132 240 5
132 169 10
133 427 11
133 95 23
133 443 19
134 56 22
134 385 5
134 394 16
134 405 6
134 111 19
134 277 7
134 24 12
135 107 15
135 496 17
135 120 21
135 481 10
135 83 21
136 196 14
136 386 5
137 267 5
137 260 18
138 302 22
138 482 12
138 247 22
138 225 22
138 273 24
138 436 7
138 4 23
138 190 20
139 211 8
139 257 18
139 71 18
139 35 16
139 14 16
140 335 6
140 250 9
140 199 21
140 235 20
140 31 19
140 396 11
140 447 16
140 188 16
140 73 22
141 138 11
141 117 7
141 48 10
141 215 10
141 79 7
141 206 18
141 450 23
142 30 21
142 104 9
142 462 21
142 206 19
142 280 12
142 485 10
142 79 19
142 385 21
142 452 20
142 391 9
143 5 18
143 60 8
143 6 6
143 145 23
143 66 8
143 230 9
143 103 18
144 193 16
144 480 16
144 62 18
144 139 20
144 189 7
144 165 24
144 292 23
144 326 17
145 235 9
145 320 24
145 231 17
145 31 16
145 78 14
145 489 13
146 19 8
146 197 16
146 222 20
146 241 12
146 438 12
147 234 19
147 248 5
147 78 19
147 247 5
147 335 7
148 410 18
148 45 20
148 162 5
148 359 24
148 323 18
148 175 18
149 495 14
149 207 19
150 116 12
150 244 10
150 15 17
150 374 18
150 174 12
150 461 13
150 169 5
150 352 9
150 161 24
151 446 5
151 379 18
151 307 16
151 152 17
151 23 17
151 198 10
151 212 15
151 99 18
151 74 19
152 334 23
153 403 8
153 106 23
153 163 9
153 310 24
153 125 12
153 24 16
153 442 10
153 187 9
153 86 22
153 494 23
154 303 16
154 1 12
154 8 16
154 214 9
154 443 19
154 335 11
154 461 22
154 63 10
154 324 14
155 132 15
155 335 14
155 245 18
155 77 19
155 101 9
155 257 11
155 194 18
155 307 14
156 185 19
156 142 8
156 20 17
157 247 7
157 9 9
157 87 22
157 139 20
157 242 20
157 328 13
157 472 11
157 141 7
158 17 15
159 11 16
159 276 22
159 282 18
159 231 13
159 420 14
159 294 7
159 301 19
159 500 13
159 377 18
160 388 7
160 362 22
160 452 14
160 208 12
160 11 22
161 117 21
162 261 16
162 121 11
162 362 9
162 13 19
162 45 5
162 303 23
162 393 10
162 203 10
163 362 12
163 143 7
163 289 23
164 150 13
164 5 16
164 406 22
164 167 10
165 141 19
165 68 14
166 481 10
166 440 6
166 25 14
166 360 8
166 15 8
166 171 20
166 54 18
166 452 5
166 461 18
167 180 12
167 495 19
167 250 19
167 76 10
167 470 12
167 11 5
167 484 9
167 21 12
168 451 18
168 472 21
168 277 24
168 295 7
168 376 15
168 388 19
168 124 8
168 363 18
168 411 6
169 365 17
169 301 11
169 359 12
169 132 8
169 277 17
169 276 24
169 371 18
169 467 14
169 317 21
170 226 9
170 161 11
170 76 10
170 99 6
170 355 6
170 320 14
170 129 20
170 133 18
171 385 11
172 71 20
172 49 23
172 465 23
173 397 22
173 192 15
174 223 12
174 101 6
174 395 15
174 494 7
174 215 20
174 250 11
175 346 8
175 206 23
176 218 9
176 169 24
176 305 21
176 74 22
176 188 19
177 239 23
177 20 19
177 71 15
177 428 14
177 261 9
178 403 5
178 297 5
178 450 12
178 184 16
178 247 18
178 151 7
178 407 10
178 21 23
178 96 6
179 190 18
179 193 18
180 285 7
180 373 17
180 336 20
181 394 21
181 235 17
181 312 18
181 296 14
181 67 6
181 328 12
181 460 24
181 229 5
181 218 5
181 402 22
182 218 10
182 128 22
182 51 22
183 106 8
183 412 15
183 450 5
183 214 11
183 116 12
183 375 24
183 119 7
183 291 12
183 85 5
183 373 7
184 131 6
184 183 12
184 211 5
184 47 13
184 487 22
184 119 20
184 442 7
184 263 9
185 436 12
185 388 16
185 489 23
185 194 7
185 110 19
185 477 14
185 150 9
185 289 14
185 480 9
185 488 7
186 12 15
186 315 22
186 44 9
186 445 6
186 244 8
187 211 5
187 425 18
187 370 16
187 1 6
187 275 16
187 181 17
187 202 18
187 349 24
188 399 5
188 106 16
188 119 16
188 372 20
188 4 10
188 301 6
189 291 18
189 63 18
190 8 5
190 34 18
191 308 20
191 81 5
192 31 6
192 280 6
192 383 24
192 369 21
193 167 13
193 233 19
193 206 7
193 121 20
193 171 16
193 80 17
193 289 5
194 319 17
194 150 8
194 392 20
194 470 15
194 336 23
194 235 23
194 283 16
194 143 17
194 257 23
195 176 22
195 86 9
195 336 20
195 65 7
195 405 23
196 332 13
196 479 11
196 375 17
196 338 21
196 247 13
196 493 24
197 480 10
198 48 13
198 453 8
198 449 9
198 329 10
198 400 16
198 425 24
198 426 5
198 2 14
199 341 8
199 452 13
199 46 24
200 216 22
200 136 19
200 352 13
200 449 17
200 43 15
200 292 22
200 279 24
201 476 12
201 76 19
201 42 7
201 490 11
201 361 16
201 426 19
202 342 14
202 250 14
202 81 11
202 247 5
202 492 16
202 162 20
202 484 15
202 217 13
202 345 22
203 395 7
203 95 13
203 417 20
203 228 10
203 360 17
203 250 16
203 10 10
204 35 12
204 477 19
204 114 16
204 309 19
204 484 8
204 175 13
205 371 13
205 322 9
205 303 23
206 260 11
206 183 15
206 442 13
206 231 17
206 404 17
206 365 20
207 294 19
207 398 10
207 3 24
207 64 10
207 100 16
207 340 6
208 58 11
208 317 15
208 257 7
209 366 10
209 84 15
209 93 15
209 111 6
209 191 5
209 477 14
209 63 11
210 423 18
210 292 10
210 288 15
210 153 21
210 221 12
210 477 8
210 248 23
211 319 6
211 75 15
211 19 8
211 236 21
211 281 24
211 144 5
211 292 16
211 475 8
211 378 22
211 218 17
212 348 8
212 388 5
212 89 22
212 121 16
212 319 23
212 32 7
212 40 16
212 331 13
212 3 5
213 180 14
214 176 17
214 298 22
214 223 24
214 121 18
214 313 12
214 373 23
214 57 18
214 242 13
215 307 9
215 425 14
215 56 10
215 35 22
215 84 11
216 335 8
216 246 23
216 397 18
216 34 16
216 310 18
217 224 5
217 297 7
217 11 9
217 42 13
217 429 12
217 39 24
218 172 16
218 25 7
218 372 10
218 246 12
219 258 18
219 270 16
219 207 5
219 119 24
220 41 24
221 340 12
221 259 14
222 150 24
223 135 14
223 233 16
224 44 20
224 342 9
224 186 12
224 26 16
224 148 12
224 447 16
225 163 8
225 318 14
225 33 19
225 398 10
226 455 7
226 35 15
226 446 19
226 364 15
226 454 15
226 53 11
226 151 7
226 336 18
226 54 24
227 426 8
227 305 11
227 487 18
227 427 23
227 380 16
227 197 6
227 37 16
227 350 6
227 4 16
228 15 14
228 226 6
228 316 23
228 190 16
228 99 22
228 4 8
228 455 15
228 91 5
228 248 11
229 438 13
229 141 15
230 28 9
230 68 16
230 328 17
230 408 23
230 111 13
230 206 12
230 162 7
230 92 6
231 234 22
231 347 8
231 219 20
231 136 13
231 66 10
231 402 11
231 410 10
231 447 18
231 67 15
231 105 22
232 500 20
232 427 18
233 83 18
233 226 19
233 48 7
233 92 8
233 281 24
234 470 23
234 27 10
234 338 22
234 57 8
234 353 22
234 349 14
234 381 15
235 405 21
235 416 9
235 129 11
235 420 24
235 233 19
235 364 9
235 393 20
235 173 10
235 499 8
236 199 12
236 275 11
236 40 8
237 92 23
237 99 8
237 448 9
237 37 22
237 474 23
237 313 11
237 423 14
237 121 10
238 294 13
239 245 18
239 37 22
239 312 16
239 243 13
239 430 6
240 457 14
240 62 7
240 45 12
240 262 15
240 368 15
240 185 13
240 163 23
240 471 11
241 16 8
242 104 23
242 170 24
242 491 5
242 219 24
242 195 12
242 349 20
242 166 21
242 443 13
242 8 9
243 444 15
243 14 10
243 339 17
243 67 7
243 406 21
243 94 14
243 350 6
243 397 24
244 143 15
244 360 19
244 308 9
244 103 21
244 300 16
245 28 8
245 152 23
245 460 6
245 98 9
245 150 9
245 314 17
245 142 8
245 197 15
245 101 21
246 34 14
246 136 16
246 418 19
246 316 5
247 135 5
247 268 7
247 298 23
247 106 24
247 128 14
247 53 12
247 485 18
248 261 21
248 33 16
248 175 15
248 79 9
248 287 15
249 319 5
249 417 17
249 64 21
249 408 20
249 432 11
249 402 17
249 297 8
249 22 18
249 477 18
250 119 7
250 249 21
250 419 10
251 148 20
251 185 8
251 299 9
251 113 7
252 335 22
252 98 14
252 4 15
253 344 20
253 306 20
253 59 10
253 367 15
253 397 17
253 195 15
254 326 12
254 112 21
254 215 15
254 77 9
254 288 19
254 69 24
254 385 20
255 91 21
255 306 16
256 469 11
256 368 5
256 500 14
256 66 7
256 450 21
256 331 24
256 298 21
256 467 10
256 352 9
257 156 14
257 425 5
257 493 19
257 276 12
257 318 18
257 312 13
258 100 16
258 299 11
258 356 5
258 105 11
258 66 17
258 85 19
258 222 14
259 442 10
259 307 14
259 135 7
259 324 9
259 17 15
259 402 23
259 248 23
259 133 5
259 72 8
259 13 23
260 183 22
260 168 20
260 149 16
260 128 5
260 298 21
260 449 17
260 122 17
260 374 23
260 385 21
261 449 11
261 51 8
261 492 8
262 244 24
262 317 6
262 54 9
263 112 5
263 158 24
263 492 13
263 46 23
263 156 8
263 297 10
264 322 19
264 254 22
264 205 24
264 275 13
264 332 7
264 82 24
264 121 16
264 111 23
264 481 12
265 351 11
265 391 18
265 327 8
265 433 12
265 493 14
266 496 14
266 66 16
266 274 17
266 156 12
266 357 22
266 265 21
266 240 14
266 494 20
266 471 20
267 21 8
268 289 20
268 415 19
268 301 23
268 353 22
268 370 10
268 120 12
268 210 18
269 48 7
269 477 15
269 96 20
269 299 15
269 425 15
269 320 10
269 102 18
270 357 24
270 464 20
271 480 19
271 207 21
272 180 13
272 370 5
272 36 19
272 337 16
272 440 5
272 417 24
272 311 14
272 387 19
273 10 19
273 84 7
273 406 15
273 140 24
273 416 18
273 305 10
273 53 12
273 112 17
274 397 12
275 26 19
275 241 21
275 363 11
276 345 14
276 399 20
276 90 24
276 406 5
276 447 22
276 328 19
277 109 11
277 484 19
277 478 9
278 246 11
278 151 10
279 10 11
279 375 9
279 412 19
279 288 20
279 484 11
279 418 23
279 438 12
279 481 10
279 374 19
279 53 18
280 112 9
280 107 17
280 495 23
281 302 14
281 249 5
281 482 19
281 120 23
282 82 16
282 54 17
282 39 13
283 162 23
283 246 8
283 372 24
283 67 5
283 297 18
283 464 23
283 280 15
283 477 12
283 121 11
284 246 22
284 432 19
284 156 13
284 415 12
284 346 22
284 440 21
284 197 20
284 471 6
284 166 11
284 423 13
285 181 11
285 188 6
285 414 15
285 420 11
285 236 16
285 74 8
285 478 11
285 413 11
286 499 20
286 242 6
286 33 14
286 323 17
286 35 23
287 275 8
287 445 9
287 263 7
287 131 20
288 466 20
288 414 14
288 377 8
288 131 12
288 351 10
288 60 22
288 149 5
288 488 17
288 485 20
288 313 6
289 479 22
289 356 18
289 145 14
289 34 17
290 293 21
290 189 10
290 460 20
290 391 16
290 107 6
290 73 23
290 83 15
290 393 14
290 130 11
291 336 22
291 447 17
292 92 6
292 378 24
292 25 15
292 294 23
292 273 11
292 59 5
292 111 6
292 94 6
293 253 9
293 214 20
293 83 8
293 39 15
293 119 11
293 149 8
293 368 15
294 287 8
294 395 18
294 194 6
294 137 15
294 252 8
294 421 22
295 352 21
295 103 15
296 170 17
296 379 19
296 334 21
296 42 19
296 162 23
296 22 21
296 494 5
297 487 18
297 436 5
297 311 15
297 164 10
298 143 8
298 273 13
298 217 14
298 14 13
298 229 12
298 236 22
298 250 7
298 365 13
298 141 10
298 300 13
299 426 19
299 71 11
299 317 6
299 34 12
299 329 8
300 152 15
300 500 19
300 241 11
300 255 19
300 445 14
300 304 19
301 129 19
302 410 11
302 286 10
302 160 18
302 253 8
302 261 14
303 258 23
303 111 24
303 319 13
303 431 19
303 264 6
303 211 24
304 355 23
304 145 9
304 182 19
304 52 17
304 16 13
304 136 22
304 281 12
304 88 6
304 352 13
305 161 12
306 500 12
306 149 9
306 371 21
306 72 5
306 10 12
306 482 7
307 393 14
307 434 12
307 456 5
307 133 7
307 142 5
307 212 12
307 496 10
307 104 23
307 269 20
308 362 14
308 345 12
308 490 22
308 394 13
308 46 24
308 143 19
309 79 16
309 373 19
309 281 22
309 109 21
310 483 18
310 401 19
310 180 23
310 200 23
310 111 24
310 432 12
310 368 21
310 397 6
310 357 8
311 420 18
311 242 6
311 247 18
311 21 21
311 345 14
311 319 19
311 125 9
311 19 7
311 375 21
312 212 14
312 4 23
312 12 13
312 499 6
313 283 24
313 125 20
314 22 16
314 323 5
314 465 5
314 342 8
314 177 23
314 70 8
315 106 11
315 312 14
315 41 21
315 480 24
315 90 8
316 42 17
316 332 19
317 312 15
317 92 7
317 386 19
317 192 23
317 489 11
317 358 5
318 388 23
318 326 12
318 63 14
318 314 22
318 113 11
318 111 5
318 243 22
318 288 18
318 295 7
318 120 14
319 363 15
320 229 10
320 148 13
320 398 6
320 228 21
320 399 22
320 142 23
320 12 9
320 439 9
321 420 12
321 201 13
321 227 13
322 347 7
322 449 18
322 28 23
323 404 17
323 83 10
323 280 22
323 130 17
323 1 9
323 150 9
323 175 16
323 253 16
323 271 23
324 65 6
324 431 18
324 82 10
324 399 6
324 344 22
324 364 14
324 394 14
325 273 15
325 222 24
326 109 12
326 204 23
327 90 8
327 461 10
327 372 16
327 173 5
327 138 5
327 47 11
327 462 22
327 340 12
327 377 5
327 298 5
328 424 21
328 300 14
328 121 5
328 155 14
328 242 24
328 284 6
329 327 24
329 268 15
329 442 9
330 427 15
331 118 9
331 71 19
332 96 23
332 211 16
332 457 8
332 262 22
332 333 18
332 75 9
332 236 22
333 176 15
333 102 9
333 486 7
333 293 14
333 175 15
334 467 6
334 116 22
334 120 18
334 443 22
334 489 16
334 383 14
334 32 17
335 395 23
335 368 6
335 336 13
336 389 15
336 381 15
336 450 23
336 475 24
336 174 23
336 127 17
336 219 13
337 344 19
337 411 14
337 482 15
337 130 14
337 462 21
337 275 9
337 415 20
337 427 6
338 149 6
338 204 17
338 434 23
338 93 8
339 186 21
339 493 6
340 53 11
340 428 9
341 351 17
341 349 21
341 299 9
341 159 24
342 278 15
342 294 7
342 305 9
342 291 13
342 211 6
342 202 11
342 73 12
342 72 21
343 155 5
344 233 12
345 101 13
346 31 7
346 316 22
347 213 15
347 407 20
347 49 22
348 253 7
348 299 24
348 156 18
348 484 18
348 388 9
348 91 8
348 132 21
348 384 14
348 368 9
349 174 11
349 278 10
349 445 15
350 457 19
350 125 24
350 200 18
350 362 8
350 137 12
350 191 11
350 174 8
350 25 10
351 362 9
351 107 13
351 438 15
352 132 14
352 68 23
353 226 19
353 2 9
353 188 8
353 18 11
353 319 6
353 284 18
353 50 16
353 99 5
354 122 11
354 36 20
354 287 11
354 113 7
355 83 17
355 10 13
355 270 10
355 278 22
355 383 14
355 445 17
355 234 17
355 55 10
356 84 21
356 255 7
356 154 24
356 278 21
356 351 5
357 344 19
357 108 18
357 454 16
357 46 13
357 248 19
357 420 10
357 411 5
358 287 6
358 116 22
358 9 16
358 219 24
358 466 6
358 35 22
358 262 19
358 7 24
359 189 22
359 356 23
359 363 18
359 295 12
359 109 13
360 477 20
360 312 22
360 90 11
360 294 13
360 378 13
360 31 7
360 116 6
360 252 19
360 140 7
361 76 20
361 171 7
361 306 22
361 303 15
361 346 5
361 193 19
362 404 19
362 150 10
362 333 9
362 139 8
362 27 15
362 135 16
362 332 18
362 232 15
362 209 12
362 119 15
363 358 10
363 498 10
363 218 12
364 220 18
364 117 24
364 128 11
364 477 20
364 424 21
365 209 16
365 282 20
366 443 21
366 346 11
366 6 5
366 497 8
367 366 20
367 333 20
367 136 10
367 72 10
367 377 8
367 187 20
367 180 9
367 314 11
367 239 13
368 266 24
368 292 15
368 89 24
368 148 20
368 187 11
368 42 14
369 284 13
369 234 24
370 292 15
370 442 5
371 379 12
371 453 24
371 441 12
371 182 21
371 181 18
371 77 21
371 345 6
371 486 20
372 456 22
372 261 5
372 38 23
372 45 17
372 82 15
372 94 13
372 153 20
372 294 10
372 96 23
373 450 5
373 496 16
373 431 23
373 400 10
374 101 24
374 382 17
374 441 5
374 475 21
374 249 24
374 109 22
374 466 8
374 392 19
375 374 17
375 306 15
375 205 21
376 175 14
377 304 11
377 389 12
377 346 12
377 313 24
377 414 17
377 216 23
377 138 24
377 71 16
378 400 24
378 91 11
378 392 8
379 350 6
380 31 14
380 273 22
380 388 15
380 405 6
381 53 9
381 214 16
381 151 9
381 384 5
381 320 16
381 395 11
381 410 19
381 187 21
381 131 24
382 199 18
382 1 15
382 428 17
382 265 16
382 321 24
382 384 8
382 136 11
382 253 10
382 313 24
382 409 5
383 67 9
383 248 13
383 273 24
383 464 17
383 10 22
383 375 9
383 318 8
383 55 18
383 278 21
384 442 16
384 321 6
384 314 16
384 56 22
384 164 9
384 345 6
385 243 15
385 95 22
385 138 11
385 135 12
385 75 15
385 372 10
385 310 23
385 320 7
385 344 10
385 282 17
386 198 17
386 161 9
386 494 12
386 426 12
387 237 17
387 405 8
387 326 9
387 56 22
388 136 19
388 132 11
388 70 21
388 173 14
388 251 5
388 105 16
388 148 20
388 472 16
388 102 21
388 381 15
389 70 12
389 303 17
389 478 18
389 423 14
389 398 8
389 100 22
389 176 6
389 2 20
390 56 7
390 319 15
390 299 13
390 31 5
391 466 17
391 419 7
391 232 23
391 77 22
391 379 13
391 26 17
391 254 15
391 306 17
391 439 24
392 410 22
392 46 17
392 396 24
392 179 17
392 181 17
392 87 17
393 192 23
393 174 19
393 457 18
393 365 22
393 195 6
393 360 15
393 447 13
393 7 14
393 29 8
394 48 18
394 400 19
394 414 6
394 59 16
394 66 6
394 345 7
394 131 16
394 8 8
394 100 10
395 377 20
395 349 12
395 294 17
395 499 13
395 316 7
395 238 24
395 481 18
396 321 11
396 206 17
396 261 9
396 126 6
396 453 16
396 311 24
396 248 17
396 499 23
396 51 18
396 113 7
397 171 14
398 203 23
398 388 22
398 450 7
398 210 15
398 127 11
398 109 5
399 323 14
400 179 11
400 384 15
400 378 22
401 309 18
401 463 24
401 263 14
401 121 18
401 364 14
401 57 6
402 19 5
402 12 23
402 288 19
402 342 14
402 470 7
402 441 19
402 178 13
402 457 16
403 490 15
403 66 8
404 445 20
404 102 9
404 126 18
404 80 17
404 24 24
404 255 10
405 455 17
405 368 10
405 468 21
405 116 15
405 433 8
405 229 18
405 421 8
405 282 22
405 388 14
405 243 17
406 167 6
406 489 17
406 123 23
406 299 21
406 313 11
406 142 8
406 22 10
407 340 18
407 55 5
407 45 15
407 260 19
407 289 11
407 6 17
407 181 12
408 479 12
408 29 5
408 199 19
408 292 21
408 201 21
408 354 8
409 208 19
409 144 24
409 20 23
409 368 13
409 162 16
409 94 5
409 224 17
409 1 22
410 330 17
410 343 20
410 420 13
411 415 7
411 44 20
411 157 11
411 352 14
411 17 8
411 379 14
411 246 21
411 26 6
411 186 7
412 131 18
412 493 12
412 321 8
412 495 5
413 117 20
413 215 21
413 285 24
414 324 19
415 99 22
415 26 20
415 422 19
415 352 20
415 257 17
415 392 7
415 37 10
415 179 21
415 162 8
415 266 20
416 142 15
416 236 6
416 174 9
416 18 8
417 441 23
417 78 20
417 247 12
417 462 9
417 472 24
417 83 16
417 112 22
418 125 11
418 167 20
419 400 5
419 303 21
419 134 13
419 355 5
419 211 7
419 191 15
419 210 12
419 329 18
419 407 20
420 75 8
420 209 17
420 302 18
420 142 14
420 372 10
420 124 17
420 359 6
420 338 16
420 487 19
420 407 14
421 23 13
421 329 16
421 489 15
421 219 14
422 8 11
422 202 6
422 346 14
422 500 23
423 184 23
423 336 8
423 190 15
423 428 7
423 215 15
423 400 22
423 78 18
423 473 17
424 64 24
424 226 21
425 469 12
426 264 13
426 432 8
426 408 13
426 468 17
426 63 10
427 499 24
427 142 16
427 498 9
427 22 18
428 211 18
428 263 17
429 354 19
429 330 10
429 370 11
429 203 9
429 293 7
429 363 24
429 393 6
429 444 11
429 30 16
430 110 24
430 284 17
430 197 21
430 350 7
430 260 24
430 107 22
430 155 7
430 103 5
430 211 15
431 359 21
431 199 20
431 200 23
431 173 10
431 423 13
431 68 11
431 101 10
431 256 21
431 172 10
432 60 20
432 268 20
432 203 16
432 167 13
432 352 15
433 238 20
433 292 19
433 264 23
433 322 20
433 70 19
433 92 16
434 310 10
434 376 12
434 21 21
434 235 17
434 454 8
434 395 19
434 426 10
435 107 20
435 173 6
435 229 12
435 119 10
436 431 8
436 354 13
436 338 13
437 413 9
437 8 6
437 496 22
437 108 10
437 480 6
438 399 8
438 436 16
438 248 19
438 375 17
438 371 11
438 301 5
438 459 23
438 265 6
438 235 14
438 140 18
439 350 19
439 184 17
439 192 12
439 190 9
439 284 24
439 16 18
440 68 18
440 225 10
440 126 6
440 316 22
440 110 8
441 298 20
441 366 21
442 12 20
442 374 13
442 237 20
442 51 15
442 22 10
442 382 16
442 139 10
443 431 10
443 489 21
443 124 9
443 36 10
443 476 15
443 146 18
443 454 9
443 446 14
443 434 23
443 18 8
444 11 10
444 97 10
445 292 12
445 261 11
445 222 13
445 254 7
445 380 12
446 227 16
446 63 6
446 349 7
446 89 23
446 199 14
446 285 16
446 184 12
446 66 21
446 320 6
447 437 16
447 36 7
447 488 21
447 358 6
447 70 23
447 435 15
447 184 9
447 49 5
447 388 16
447 418 13
448 155 16
448 450 20
448 228 7
448 327 17
449 66 18
449 72 16
449 299 19
449 443 9
449 373 13
449 300 13
450 192 11
450 346 23
450 454 6
451 87 11
451 39 21
451 198 8
451 490 23
451 278 7
452 333 12
452 49 7
452 101 12
452 435 14
453 464 10
454 226 7
454 216 16
455 239 12
455 136 22
455 470 9
455 254 8
455 267 13
455 10 12
455 257 6
456 312 20
456 324 14
456 414 20
456 493 7
456 289 10
456 256 10
456 166 8
456 116 24
456 384 20
457 9 15
458 473 18
458 192 24
459 488 16
459 276 16
460 40 24
460 210 8
461 34 21
461 396 10
461 491 21
462 268 24
462 407 7
462 84 22
463 26 16
463 220 21
463 235 7
464 421 15
464 38 20
465 429 22
465 38 13
465 266 9
465 194 13
465 162 12
465 191 21
465 370 12
466 96 8
467 406 21
467 115 5
467 170 19
467 452 14
467 55 24
467 224 19
467 37 23
467 17 9
467 248 24
467 328 16
468 169 19
468 263 10
468 242 19
468 482 17
468 161 23
468 58 7
468 288 15
468 234 6
469 232 9
469 193 7
469 438 21
469 316 12
469 431 10
469 19 18
469 351 9
469 228 13
469 485 18
470 67 5
470 300 9
470 56 22
470 101 13
470 409 6
471 278 18
471 243 7
471 481 16
471 68 17
471 143 7
471 224 12
471 374 7
471 135 20
471 295 22
472 257 10
472 105 5
472 226 11
472 102 8
472 432 19
472 461 21
472 431 6
473 143 16
473 194 15
473 93 14
473 124 18
474 111 13
474 381 11
475 496 23
475 92 18
475 385 14
475 336 16
475 209 15
475 494 13
476 354 24
476 70 12
476 339 17
477 325 15
477 304 8
478 107 10
478 83 20
478 338 16
478 153 21
478 393 5
478 27 11
479 93 11
479 250 7
480 239 23
481 356 12
481 191 8
482 476 15
482 466 5
482 221 16
482 383 10
482 57 11
482 487 6
482 203 24
482 180 17
482 252 6
483 309 9
483 410 13
483 112 6
483 217 14
484 60 19
484 475 18
484 303 18
484 298 21
484 371 6
485 358 20
485 86 20
485 436 20
485 335 16
485 66 15
485 396 14
485 27 17
485 93 14
486 311 12
486 69 15
486 219 12
486 50 21
486 485 8
486 476 24
486 278 24
487 410 13
487 10 16
487 378 22
487 204 5
488 62 15
488 90 16
488 268 7
488 359 13
488 445 18
488 457 5
488 491 10
488 230 5
489 459 11
489 41 20
489 133 12
489 89 6
489 213 21
489 398 7
489 201 22
490 385 5
490 428 24
490 356 21
490 238 13
491 420 8
492 62 6
492 55 15
492 424 13
492 61 21
492 355 20
492 212 7
492 453 16
493 161 10
493 384 21
493 2 10
493 209 11
493 470 24
493 481 11
493 188 5
493 375 11
493 6 24
494 33 10
494 200 13
494 96 20
494 287 23
494 2 17
494 206 8
495 210 12
495 140 24
495 221 7
495 446 5
495 207 12
495 116 8
495 135 23
496 422 22
496 324 7
496 407 15
496 176 22
496 269 17
497 169 19
497 263 23
497 3 17
497 491 12
497 457 24
497 282 15
498 224 22
498 289 15
498 215 13
498 307 8
498 301 10
498 406 18
498 194 18
498 467 10
499 360 22
499 230 18
500 454 23
500 185 20
500 498 19
500 308 16
500 463 8
500 341 20
500 110 12
500 9 7
500 267 10
500 284 22
